GO:0008076 CC 4.91e-05   9/456    71/18979 D07 voltage-gated potassium channel complex  3742.0, 3746.0, 3747.0, 3755.0, 3778.0, 3788.0, 9312.0, 23415.0, 219527.0 
GO:0005654 CC 1.97e-07  47/456  3663/18979 D02 nucleoplasm                              990.0, 2100.0, 3642.0, 4088.0, 4661.0, 5452.0, 5563.0, 6314.0, 6595.0, 7025.0, 8350.0, 8448.0, 8814.0, 10725.0, 10739.0, 10921.0, 11044.0, 22873.0, 22955.0, 22984.0, 23049.0, 23119.0, 23248.0, 23404.0, 23514.0, 24149.0, 25862.0, 26057.0, 51085.0, 55257.0, 55604.0, 56252.0, 56924.0, 63876.0, 78986.0, 79729.0, 83990.0, 93953.0, 94032.0, 116028.0, 133522.0, 147841.0, 155054.0, 283514.0, 284111.0, 388585.0, 728888.0 
GO:0005829 CC 3.56e-07  74/456  4965/18979 D02 cytosol                                  242.0, 990.0, 2869.0, 2982.0, 3742.0, 4088.0, 4661.0, 4684.0, 4900.0, 5026.0, 5153.0, 5493.0, 5563.0, 6311.0, 6314.0, 6453.0, 6620.0, 7025.0, 7111.0, 7125.0, 7786.0, 8938.0, 9066.0, 9381.0, 9397.0, 9677.0, 9828.0, 9929.0, 9942.0, 10369.0, 10615.0, 10717.0, 10725.0, 10739.0, 10921.0, 11113.0, 11190.0, 22853.0, 22984.0, 23015.0, 23049.0, 23108.0, 23215.0, 23404.0, 24149.0, 25818.0, 51085.0, 54456.0, 54956.0, 55604.0, 56252.0, 56776.0, 56924.0, 57576.0, 57623.0, 57679.0, 58498.0, 64283.0, 79705.0, 84320.0, 84618.0, 90423.0, 94032.0, 115290.0, 116028.0, 119391.0, 126433.0, 133522.0, 137362.0, 139285.0, 147841.0, 201299.0, 284111.0, 340529.0 
GO:0005739 CC 7.19e-07   8/456  1300/18979 D05 mitochondrion                            2100.0, 6833.0, 28976.0, 79705.0, 79863.0, 132001.0, 133522.0, 283514.0 
GO:0070062 CC 1.79e-06  17/456  1839/18979 D06 extracellular exosome                    2822.0, 3700.0, 5493.0, 6509.0, 7007.0, 8350.0, 8814.0, 9066.0, 10217.0, 11190.0, 51206.0, 54972.0, 55604.0, 78986.0, 119391.0, 340529.0, 353189.0 
GO:0005737 CC 1.98e-05  70/456  4453/18979 D02 cytoplasm                                92.0, 631.0, 773.0, 775.0, 990.0, 1571.0, 1749.0, 2254.0, 2822.0, 2869.0, 4088.0, 4216.0, 5452.0, 5493.0, 6311.0, 6453.0, 6538.0, 6620.0, 6753.0, 7786.0, 8814.0, 8822.0, 9397.0, 9649.0, 9863.0, 10615.0, 10739.0, 10921.0, 22873.0, 22881.0, 23049.0, 23101.0, 23108.0, 23404.0, 25862.0, 26057.0, 51085.0, 54550.0, 55691.0, 55819.0, 55876.0, 56776.0, 56924.0, 57568.0, 57679.0, 57724.0, 57795.0, 58498.0, 59269.0, 60677.0, 63876.0, 78986.0, 83990.0, 84618.0, 113263.0, 115290.0, 116987.0, 119391.0, 121214.0, 126433.0, 151354.0, 155054.0, 260425.0, 283514.0, 286430.0, 375484.0, 387694.0, 400954.0, 440854.0, 654231.0 
GO:0005783 CC 2.22e-05   6/456   977/18979 D05 endoplasmic reticulum                    6786.0, 54956.0, 54972.0, 56776.0, 57795.0, 83643.0 
GO:0005634 CC 1.80e-04  84/456  4912/18979 D05 nucleus                                  773.0, 881.0, 990.0, 1749.0, 2100.0, 3642.0, 4088.0, 4661.0, 4900.0, 5452.0, 5563.0, 5727.0, 6314.0, 6595.0, 6894.0, 7025.0, 7565.0, 7617.0, 8019.0, 8350.0, 8814.0, 9863.0, 10217.0, 10725.0, 10921.0, 11044.0, 11113.0, 22873.0, 22881.0, 22984.0, 23049.0, 23119.0, 23404.0, 26057.0, 27300.0, 28976.0, 51085.0, 55090.0, 55689.0, 56252.0, 56776.0, 57541.0, 57623.0, 57679.0, 59269.0, 60677.0, 78986.0, 79175.0, 79698.0, 83990.0, 84215.0, 84498.0, 84911.0, 90874.0, 90987.0, 93953.0, 116028.0, 125919.0, 131375.0, 133522.0, 136051.0, 139735.0, 140290.0, 145873.0, 147658.0, 152485.0, 155054.0, 199704.0, 222183.0, 260425.0, 284306.0, 284312.0, 285676.0, 286430.0, 339488.0, 340529.0, 342132.0, 346157.0, 353274.0, 353355.0, 387597.0, 388585.0, 390598.0, 654231.0 
GO:0005759 CC 2.08e-04   0/456   367/18979 D05 mitochondrial matrix                      
GO:0004984 MF 2.69e-05   8/456    51/18979 D04 olfactory receptor activity              26246.0, 81466.0, 284521.0, 391190.0, 391191.0, 391192.0, 391211.0, 401994.0 
GO:0005515 MF 2.26e-15 183/456 11089/18979 D02 protein binding                          56.0, 92.0, 605.0, 631.0, 773.0, 774.0, 775.0, 776.0, 881.0, 925.0, 990.0, 1394.0, 2100.0, 2563.0, 2869.0, 2912.0, 2982.0, 3241.0, 3354.0, 3700.0, 3742.0, 3746.0, 3778.0, 3788.0, 4088.0, 4216.0, 4684.0, 4985.0, 5153.0, 5493.0, 5563.0, 5727.0, 6311.0, 6314.0, 6453.0, 6595.0, 6620.0, 6753.0, 6786.0, 7025.0, 7036.0, 7125.0, 7349.0, 7565.0, 7786.0, 7982.0, 8019.0, 8350.0, 8448.0, 8501.0, 8822.0, 8938.0, 9066.0, 9228.0, 9293.0, 9397.0, 9828.0, 9863.0, 9929.0, 10154.0, 10217.0, 10369.0, 10615.0, 10717.0, 10725.0, 10921.0, 11113.0, 11190.0, 22853.0, 22873.0, 22955.0, 22984.0, 23049.0, 23108.0, 23119.0, 23199.0, 23215.0, 23404.0, 23514.0, 25818.0, 25862.0, 25943.0, 26057.0, 26071.0, 26507.0, 27300.0, 28976.0, 29057.0, 50937.0, 51206.0, 51233.0, 54550.0, 54956.0, 55090.0, 55257.0, 55508.0, 55604.0, 55689.0, 56122.0, 56124.0, 56252.0, 56924.0, 56941.0, 56971.0, 57541.0, 57611.0, 57679.0, 57724.0, 58498.0, 59269.0, 63876.0, 64478.0, 66000.0, 78986.0, 79175.0, 79698.0, 79705.0, 79863.0, 80020.0, 83850.0, 83990.0, 84215.0, 84287.0, 84320.0, 84498.0, 84618.0, 84623.0, 84866.0, 90423.0, 90874.0, 90987.0, 93426.0, 93953.0, 115290.0, 116028.0, 116987.0, 117155.0, 119391.0, 121793.0, 124923.0, 125919.0, 126433.0, 132001.0, 136051.0, 139285.0, 140290.0, 146395.0, 146664.0, 147658.0, 147841.0, 150864.0, 151354.0, 152485.0, 155054.0, 201299.0, 204962.0, 205147.0, 221981.0, 222255.0, 222662.0, 260425.0, 283514.0, 284111.0, 284306.0, 284312.0, 284521.0, 340419.0, 342132.0, 374383.0, 374920.0, 374946.0, 375341.0, 375484.0, 388591.0, 388662.0, 391211.0, 401994.0, 408263.0, 653140.0, 654231.0, 727866.0, 729238.0, 780776.0 
GO:0042802 MF 1.29e-07   8/456  1385/18979 D03 identical protein binding                4088.0, 6786.0, 55630.0, 57679.0, 79705.0, 119391.0, 140290.0, 339488.0 
