GO:0000398 BP 6.64e-14  23/322   182/18979 D11 mRNA splicing, via spliceosome           988.0, 2483.0, 3183.0, 4116.0, 4236.0, 5356.0, 6629.0, 6632.0, 8896.0, 9939.0, 10946.0, 11193.0, 22916.0, 23658.0, 27336.0, 51319.0, 51340.0, 51503.0, 51759.0, 55234.0, 79753.0, 85437.0, 220988.0 
GO:0008380 BP 2.69e-08  16/322   167/18979 D08 RNA splicing                             2332.0, 3183.0, 4116.0, 5511.0, 6632.0, 8487.0, 9939.0, 10199.0, 10284.0, 11193.0, 22916.0, 51319.0, 55234.0, 64121.0, 83989.0, 85437.0 
GO:0007080 BP 3.69e-07   8/322    41/18979 D06 mitotic metaphase plate congression      3837.0, 8697.0, 9183.0, 9525.0, 25978.0, 27243.0, 51510.0, 91272.0 
GO:0015031 BP 1.39e-06  20/322   337/18979 D06 protein transport                        2060.0, 6845.0, 8723.0, 9183.0, 9525.0, 9554.0, 10550.0, 10565.0, 10640.0, 11345.0, 25978.0, 27243.0, 51019.0, 51026.0, 51510.0, 51808.0, 55297.0, 55706.0, 55763.0, 60561.0 
GO:0090148 BP 4.37e-06   7/322    40/18979 D05 membrane fission                         6683.0, 9525.0, 10640.0, 25978.0, 27243.0, 51510.0, 55763.0 
GO:0031468 BP 7.13e-06   5/322    17/18979 D06 nuclear membrane reassembly              6683.0, 9525.0, 25978.0, 27243.0, 51510.0 
GO:0006446 BP 9.59e-06   6/322    30/18979 D08 regulation of translational initiation   7812.0, 8667.0, 9689.0, 10209.0, 10605.0, 22916.0 
GO:1904903 BP 1.58e-05   4/322    10/18979 D07 ESCRT III complex disassembly            9525.0, 25978.0, 27243.0, 51510.0 
GO:0006888 BP 1.80e-05  10/322   110/18979 D06 endoplasmic reticulum to Golgi vesicle-mediated transport 6683.0, 6845.0, 9183.0, 9554.0, 11196.0, 51026.0, 51290.0, 56681.0, 60561.0, 80006.0 
GO:0006413 BP 3.39e-05   7/322    54/18979 D03 translational initiation                 1964.0, 6059.0, 8667.0, 8669.0, 8894.0, 10209.0, 10605.0 
GO:2000767 BP 3.62e-05   4/322    12/18979 D09 positive regulation of cytoplasmic translation 7555.0, 7812.0, 10605.0, 170506.0 
GO:1903241 BP 4.44e-05   5/322    24/18979 D08 U2-type prespliceosome assembly          6629.0, 6632.0, 10946.0, 27336.0, 79753.0 
GO:0046761 BP 5.15e-05   4/322    13/18979 D08 viral budding from plasma membrane       9525.0, 25978.0, 27243.0, 51510.0 
GO:0005654 CC 1.52e-19 132/322  3663/18979 D02 nucleoplasm                              546.0, 988.0, 1434.0, 1479.0, 1633.0, 2332.0, 2967.0, 3066.0, 3183.0, 3796.0, 3837.0, 4116.0, 4236.0, 4437.0, 4691.0, 4801.0, 5303.0, 5356.0, 5500.0, 5511.0, 5520.0, 5711.0, 5868.0, 5884.0, 5903.0, 6418.0, 6613.0, 6629.0, 6632.0, 6683.0, 6879.0, 6884.0, 7155.0, 7247.0, 7257.0, 7319.0, 7321.0, 7324.0, 7518.0, 8125.0, 8161.0, 8315.0, 8450.0, 8487.0, 8548.0, 8697.0, 8732.0, 8896.0, 8930.0, 9140.0, 9184.0, 9318.0, 9320.0, 9453.0, 9774.0, 9939.0, 9958.0, 10054.0, 10199.0, 10284.0, 10393.0, 10527.0, 10565.0, 10592.0, 10728.0, 10771.0, 10933.0, 10946.0, 10951.0, 11103.0, 11168.0, 11193.0, 11335.0, 22916.0, 23515.0, 23560.0, 23595.0, 23658.0, 23673.0, 23741.0, 26273.0, 27000.0, 27336.0, 29079.0, 29110.0, 29966.0, 30836.0, 51076.0, 51096.0, 51118.0, 51119.0, 51251.0, 51340.0, 51503.0, 51602.0, 51637.0, 51692.0, 51759.0, 51808.0, 54881.0, 54928.0, 55174.0, 55234.0, 55250.0, 55297.0, 55319.0, 55623.0, 55720.0, 55781.0, 57050.0, 57092.0, 64121.0, 64710.0, 79753.0, 80013.0, 81847.0, 83732.0, 83940.0, 84248.0, 84324.0, 84365.0, 84946.0, 85437.0, 93621.0, 123811.0, 147923.0, 165918.0, 170506.0, 220988.0, 221830.0, 283742.0, 102157402.0 
GO:0005681 CC 1.61e-12  17/322   103/18979 D03 spliceosomal complex                     988.0, 3183.0, 4691.0, 5356.0, 5511.0, 6629.0, 6632.0, 8487.0, 8539.0, 8896.0, 10946.0, 27336.0, 51340.0, 51503.0, 51759.0, 58155.0, 79753.0 
GO:0005634 CC 3.10e-12 141/322  4912/18979 D05 nucleus                                  310.0, 546.0, 665.0, 988.0, 1434.0, 1479.0, 2332.0, 2967.0, 3066.0, 3183.0, 3837.0, 4116.0, 4236.0, 4437.0, 4673.0, 4691.0, 4801.0, 5202.0, 5303.0, 5356.0, 5500.0, 5501.0, 5511.0, 5884.0, 6418.0, 6613.0, 6629.0, 6632.0, 6683.0, 6741.0, 6742.0, 6879.0, 6884.0, 7114.0, 7155.0, 7247.0, 7257.0, 7321.0, 7324.0, 7411.0, 7518.0, 7555.0, 7733.0, 7750.0, 8065.0, 8125.0, 8161.0, 8450.0, 8487.0, 8539.0, 8548.0, 8732.0, 8813.0, 8883.0, 8896.0, 8930.0, 9183.0, 9318.0, 9320.0, 9412.0, 9525.0, 9774.0, 9939.0, 9958.0, 10190.0, 10196.0, 10209.0, 10284.0, 10428.0, 10592.0, 10728.0, 10771.0, 10946.0, 10951.0, 11168.0, 11179.0, 11193.0, 11335.0, 22916.0, 23142.0, 23515.0, 23560.0, 23658.0, 25871.0, 25934.0, 26060.0, 26354.0, 27000.0, 27336.0, 29079.0, 51076.0, 51096.0, 51119.0, 51164.0, 51185.0, 51290.0, 51319.0, 51340.0, 51371.0, 51465.0, 51503.0, 51507.0, 51569.0, 51582.0, 51637.0, 51759.0, 51808.0, 54881.0, 54969.0, 54989.0, 55174.0, 55234.0, 55319.0, 55781.0, 57050.0, 57092.0, 57448.0, 58155.0, 58478.0, 64121.0, 64431.0, 64710.0, 79646.0, 79753.0, 79893.0, 79921.0, 81545.0, 81847.0, 83989.0, 84324.0, 84946.0, 90843.0, 128387.0, 135114.0, 148266.0, 165918.0, 168374.0, 170506.0, 220988.0, 283742.0, 102157402.0 
GO:0005829 CC 6.19e-11 138/322  4965/18979 D02 cytosol                                  998.0, 1434.0, 1633.0, 1964.0, 2058.0, 2060.0, 2332.0, 2935.0, 3183.0, 3422.0, 3796.0, 3837.0, 4116.0, 5202.0, 5290.0, 5500.0, 5501.0, 5520.0, 5711.0, 5868.0, 5903.0, 6059.0, 6120.0, 6418.0, 6632.0, 6683.0, 6728.0, 6731.0, 6741.0, 7114.0, 7155.0, 7247.0, 7257.0, 7319.0, 7321.0, 7324.0, 7411.0, 7518.0, 7555.0, 7750.0, 7812.0, 8065.0, 8161.0, 8315.0, 8450.0, 8487.0, 8667.0, 8669.0, 8697.0, 8883.0, 8887.0, 8894.0, 9140.0, 9183.0, 9184.0, 9318.0, 9320.0, 9453.0, 9525.0, 9559.0, 9939.0, 9958.0, 10190.0, 10196.0, 10284.0, 10380.0, 10393.0, 10527.0, 10565.0, 10592.0, 10605.0, 10640.0, 10671.0, 10728.0, 10767.0, 10890.0, 10971.0, 11168.0, 11196.0, 11235.0, 11345.0, 22916.0, 22931.0, 23560.0, 23658.0, 24138.0, 25934.0, 25978.0, 26060.0, 26091.0, 26273.0, 27000.0, 27243.0, 29110.0, 51026.0, 51076.0, 51119.0, 51164.0, 51185.0, 51251.0, 51371.0, 51510.0, 51552.0, 51582.0, 51602.0, 51637.0, 51759.0, 51808.0, 54521.0, 54534.0, 54928.0, 55142.0, 55156.0, 55250.0, 55297.0, 55720.0, 55763.0, 55781.0, 55958.0, 57448.0, 57534.0, 58478.0, 60561.0, 64121.0, 79646.0, 79657.0, 79753.0, 80006.0, 81545.0, 81847.0, 83732.0, 83930.0, 84946.0, 85437.0, 115752.0, 142891.0, 165918.0, 170506.0 
GO:0016607 CC 2.05e-08  25/322   397/18979 D03 nuclear speck                            665.0, 988.0, 4116.0, 5356.0, 5501.0, 5511.0, 6629.0, 8539.0, 8930.0, 9320.0, 9774.0, 9939.0, 10284.0, 10933.0, 10946.0, 11193.0, 51319.0, 51340.0, 51371.0, 51503.0, 55234.0, 84248.0, 84324.0, 170506.0, 102157402.0 
GO:0071013 CC 2.31e-08  12/322    86/18979 D04 catalytic step 2 spliceosome             988.0, 2483.0, 3183.0, 4116.0, 5356.0, 6629.0, 6632.0, 9939.0, 10946.0, 51340.0, 51503.0, 220988.0 
GO:0005730 CC 7.56e-08  42/322   997/18979 D05 nucleolus                                2332.0, 2483.0, 3796.0, 4691.0, 5303.0, 5500.0, 5501.0, 5884.0, 6728.0, 6884.0, 6902.0, 7155.0, 8161.0, 8487.0, 10199.0, 10412.0, 10565.0, 10592.0, 11103.0, 23560.0, 25871.0, 26354.0, 27000.0, 30836.0, 51076.0, 51096.0, 51118.0, 51119.0, 51290.0, 51602.0, 54881.0, 55003.0, 55299.0, 55319.0, 55720.0, 57050.0, 64431.0, 64710.0, 64965.0, 79009.0, 84365.0, 84549.0 
GO:0071007 CC 5.52e-07   7/322    30/18979 D05 U2-type catalytic step 2 spliceosome     988.0, 5356.0, 6629.0, 6632.0, 8896.0, 51340.0, 51503.0 
GO:0071005 CC 1.82e-06   8/322    50/18979 D05 U2-type precatalytic spliceosome         4236.0, 6629.0, 6632.0, 10946.0, 11193.0, 23658.0, 55234.0, 79753.0 
GO:0016282 CC 9.74e-06   5/322    18/18979 D04 eukaryotic 43S preinitiation complex     1964.0, 8667.0, 8669.0, 10209.0, 54505.0 
GO:0005737 CC 2.00e-05 109/322  4453/18979 D02 cytoplasm                                310.0, 988.0, 998.0, 1434.0, 1633.0, 1964.0, 2058.0, 2060.0, 2332.0, 2935.0, 3066.0, 3422.0, 3796.0, 3837.0, 4673.0, 5202.0, 5290.0, 5500.0, 5501.0, 5511.0, 5636.0, 5868.0, 5903.0, 6059.0, 6418.0, 6683.0, 6741.0, 6845.0, 6879.0, 6902.0, 7114.0, 7247.0, 7257.0, 7321.0, 7411.0, 7555.0, 8125.0, 8315.0, 8539.0, 8548.0, 8723.0, 8883.0, 8894.0, 9318.0, 9419.0, 9453.0, 9525.0, 9689.0, 9774.0, 9939.0, 9958.0, 10054.0, 10190.0, 10196.0, 10209.0, 10487.0, 10592.0, 10605.0, 10640.0, 10971.0, 11103.0, 11196.0, 11235.0, 11345.0, 22916.0, 23560.0, 23658.0, 25978.0, 26060.0, 26091.0, 26273.0, 27000.0, 29110.0, 51076.0, 51118.0, 51119.0, 51164.0, 51185.0, 51247.0, 51251.0, 51290.0, 51319.0, 51371.0, 51389.0, 51569.0, 51582.0, 51637.0, 55234.0, 55250.0, 55706.0, 55763.0, 55781.0, 57534.0, 64121.0, 64431.0, 64710.0, 79893.0, 80006.0, 81545.0, 81847.0, 84365.0, 91272.0, 123811.0, 135114.0, 153733.0, 170506.0, 220988.0, 283742.0, 102157402.0 
GO:0000974 CC 3.62e-05   4/322    12/18979 D02 Prp19 complex                            988.0, 5356.0, 51340.0, 51503.0 
GO:0032040 CC 3.98e-05   6/322    38/18979 D04 small-subunit processome                 10199.0, 11103.0, 51096.0, 51118.0, 51602.0, 57050.0 
GO:0030496 CC 4.87e-05  12/322   176/18979 D02 midbody                                  998.0, 5501.0, 6683.0, 9525.0, 10190.0, 10640.0, 25978.0, 26354.0, 27243.0, 51510.0, 55958.0, 57448.0 
GO:0030688 CC 5.15e-05   4/322    13/18979 D04 preribosome, small subunit precursor     55720.0, 55781.0, 83732.0, 84946.0 
GO:0005686 CC 5.48e-05   5/322    25/18979 D05 U2 snRNP                                 6629.0, 6632.0, 10946.0, 27336.0, 79753.0 
GO:0000781 CC 8.30e-05  11/322   158/18979 D03 chromosome, telomeric region             546.0, 3066.0, 5500.0, 5501.0, 5884.0, 6741.0, 10728.0, 10951.0, 11335.0, 23595.0, 170506.0 
GO:0005643 CC 1.15e-04   8/322    87/18979 D03 nuclear pore                             3837.0, 5903.0, 9525.0, 10527.0, 25978.0, 27243.0, 51510.0, 55706.0 
GO:0000776 CC 2.34e-04  10/322   149/18979 D05 kinetochore                              5501.0, 9183.0, 9184.0, 10428.0, 10671.0, 25978.0, 27243.0, 51164.0, 51510.0, 253635.0 
GO:1902555 CC 2.87e-04   2/322     2/18979 D04 endoribonuclease complex                 7247.0, 7257.0 
GO:0005828 CC 3.18e-04   4/322    20/18979 D08 kinetochore microtubule                  9183.0, 25978.0, 27243.0, 51510.0 
GO:1904930 CC 7.22e-04   3/322    11/18979 D07 amphisome membrane                       25978.0, 27243.0, 51510.0 
GO:0045335 CC 7.47e-04   6/322    64/18979 D08 phagocytic vesicle                       998.0, 1182.0, 5868.0, 6845.0, 23673.0, 51552.0 
GO:0015030 CC 8.11e-04   6/322    65/18979 D03 Cajal body                               2332.0, 2483.0, 8161.0, 51602.0, 51808.0, 102157402.0 
GO:0048500 CC 8.51e-04   2/322     3/18979 D03 signal recognition particle              6728.0, 6731.0 
GO:0070939 CC 8.51e-04   2/322     3/18979 D03 Dsl1/NZR complex                         9183.0, 60561.0 
GO:1990501 CC 8.51e-04   2/322     3/18979 D04 exon-exon junction subcomplex mago-y14   4116.0, 9939.0 
GO:0000922 CC 8.66e-04   8/322   117/18979 D02 spindle pole                             3796.0, 6683.0, 9183.0, 9525.0, 51119.0, 51164.0, 57448.0, 91272.0 
GO:0005886 CC 3.94e-06  35/322  3910/18979 D03 plasma membrane                          998.0, 1182.0, 1362.0, 2058.0, 2060.0, 5290.0, 5412.0, 5868.0, 5898.0, 6307.0, 6845.0, 7812.0, 8577.0, 8723.0, 8883.0, 9525.0, 10487.0, 10550.0, 10890.0, 11235.0, 22931.0, 24138.0, 25978.0, 26060.0, 27243.0, 29966.0, 51510.0, 51552.0, 55706.0, 55763.0, 57534.0, 79009.0, 81537.0, 81847.0, 115752.0 
GO:0005615 CC 1.08e-05   3/322  1113/18979 D02 extracellular space                      1362.0, 26354.0, 51118.0 
GO:0005576 CC 1.18e-05   5/322  1318/18979 D02 extracellular region                     3183.0, 3837.0, 7114.0, 10487.0, 90693.0 
GO:0003723 MF 3.44e-30  89/322  1338/18979 D04 RNA binding                              310.0, 988.0, 1479.0, 1964.0, 2332.0, 2483.0, 2935.0, 3066.0, 3183.0, 3837.0, 4116.0, 4236.0, 4673.0, 4691.0, 5303.0, 5501.0, 5511.0, 5903.0, 6613.0, 6632.0, 6728.0, 6731.0, 6741.0, 6742.0, 6902.0, 7114.0, 7247.0, 7257.0, 7555.0, 7812.0, 8125.0, 8539.0, 8667.0, 8894.0, 9689.0, 9774.0, 9939.0, 10199.0, 10209.0, 10284.0, 10412.0, 10605.0, 10946.0, 11103.0, 11168.0, 11193.0, 11196.0, 22916.0, 23515.0, 23560.0, 23658.0, 24138.0, 26354.0, 27000.0, 27336.0, 29093.0, 30836.0, 51096.0, 51118.0, 51119.0, 51340.0, 51503.0, 51602.0, 51637.0, 51692.0, 51808.0, 54505.0, 55299.0, 55623.0, 55720.0, 57050.0, 58155.0, 60488.0, 64710.0, 64848.0, 64965.0, 65117.0, 79009.0, 79753.0, 84248.0, 84324.0, 84365.0, 84549.0, 85437.0, 85476.0, 115752.0, 170506.0, 220988.0, 283742.0 
GO:0005515 MF 3.18e-21 267/322 11089/18979 D02 protein binding                          98.0, 310.0, 546.0, 665.0, 988.0, 998.0, 1182.0, 1434.0, 1479.0, 1964.0, 2058.0, 2060.0, 2332.0, 2483.0, 2631.0, 2935.0, 2967.0, 3066.0, 3183.0, 3796.0, 3837.0, 4116.0, 4236.0, 4437.0, 4673.0, 4691.0, 4801.0, 5202.0, 5290.0, 5303.0, 5356.0, 5412.0, 5500.0, 5501.0, 5511.0, 5520.0, 5636.0, 5711.0, 5868.0, 5884.0, 5898.0, 5903.0, 6059.0, 6120.0, 6307.0, 6418.0, 6613.0, 6629.0, 6632.0, 6683.0, 6728.0, 6731.0, 6741.0, 6742.0, 6845.0, 6879.0, 6884.0, 6902.0, 7114.0, 7155.0, 7247.0, 7257.0, 7319.0, 7321.0, 7324.0, 7411.0, 7518.0, 7555.0, 7733.0, 7750.0, 7812.0, 7844.0, 8065.0, 8125.0, 8161.0, 8315.0, 8450.0, 8487.0, 8539.0, 8548.0, 8667.0, 8669.0, 8697.0, 8723.0, 8732.0, 8813.0, 8883.0, 8887.0, 8894.0, 8896.0, 8930.0, 9140.0, 9166.0, 9183.0, 9184.0, 9202.0, 9318.0, 9320.0, 9412.0, 9419.0, 9453.0, 9525.0, 9554.0, 9559.0, 9774.0, 9939.0, 9958.0, 10054.0, 10190.0, 10196.0, 10199.0, 10209.0, 10284.0, 10393.0, 10487.0, 10527.0, 10550.0, 10565.0, 10592.0, 10605.0, 10640.0, 10728.0, 10767.0, 10771.0, 10890.0, 10933.0, 10946.0, 10951.0, 10971.0, 11103.0, 11168.0, 11193.0, 11196.0, 11235.0, 11335.0, 11345.0, 22916.0, 22931.0, 23142.0, 23390.0, 23515.0, 23560.0, 23585.0, 23595.0, 23658.0, 23673.0, 23741.0, 24138.0, 25934.0, 25978.0, 26060.0, 26273.0, 26354.0, 26520.0, 27000.0, 27243.0, 27336.0, 29079.0, 29103.0, 29110.0, 29966.0, 30836.0, 51019.0, 51026.0, 51076.0, 51109.0, 51118.0, 51119.0, 51164.0, 51185.0, 51247.0, 51251.0, 51290.0, 51319.0, 51340.0, 51371.0, 51389.0, 51465.0, 51503.0, 51507.0, 51510.0, 51552.0, 51569.0, 51582.0, 51602.0, 51637.0, 51692.0, 51759.0, 51808.0, 54431.0, 54521.0, 54664.0, 54881.0, 54969.0, 55003.0, 55142.0, 55156.0, 55174.0, 55216.0, 55234.0, 55299.0, 55319.0, 55623.0, 55681.0, 55720.0, 55763.0, 55781.0, 55863.0, 56674.0, 56681.0, 56900.0, 56947.0, 57050.0, 57092.0, 57226.0, 57448.0, 57456.0, 57534.0, 58478.0, 60559.0, 60561.0, 63877.0, 64121.0, 64431.0, 64848.0, 64965.0, 65117.0, 79657.0, 79753.0, 79921.0, 80006.0, 80013.0, 81545.0, 81847.0, 83732.0, 83930.0, 83940.0, 83989.0, 84064.0, 84248.0, 84324.0, 84365.0, 84549.0, 84946.0, 85437.0, 85476.0, 90701.0, 90843.0, 93621.0, 115752.0, 123811.0, 144363.0, 147923.0, 148266.0, 153733.0, 165918.0, 168374.0, 170506.0, 201895.0, 219402.0, 220988.0, 221786.0, 253635.0, 283742.0, 285282.0, 493753.0, 102157402.0 
GO:0003729 MF 6.80e-06  14/322   196/18979 D05 mRNA binding                             1479.0, 2332.0, 5511.0, 6741.0, 7247.0, 7555.0, 8894.0, 9939.0, 22916.0, 51247.0, 58155.0, 79753.0, 84248.0, 220988.0 
GO:0003743 MF 2.02e-05   7/322    50/18979 D06 translation initiation factor activity   1964.0, 8667.0, 8669.0, 8894.0, 10209.0, 54505.0, 219402.0 
