GO:0016241 BP 1.11e-07 20/1950    53/18979 D07 regulation of macroautophagy             526.0, 527.0, 534.0, 535.0, 823.0, 826.0, 1020.0, 2475.0, 2597.0, 2629.0, 5566.0, 7345.0, 8408.0, 8851.0, 9114.0, 23265.0, 23400.0, 29978.0, 112936.0, 254122.0 
GO:0007409 BP 8.06e-07 25/1950    85/18979 D09 axonogenesis                             322.0, 351.0, 575.0, 1020.0, 1813.0, 4130.0, 4131.0, 4744.0, 5864.0, 8506.0, 8636.0, 9024.0, 9253.0, 9344.0, 10211.0, 10458.0, 10494.0, 51761.0, 55201.0, 57463.0, 57731.0, 65078.0, 80128.0, 84446.0, 84628.0 
GO:0048167 BP 1.08e-06 18/1950    50/18979 D07 regulation of synaptic plasticity        575.0, 1020.0, 2902.0, 2905.0, 4130.0, 4137.0, 5914.0, 5923.0, 6376.0, 7425.0, 7532.0, 7533.0, 10458.0, 11178.0, 57338.0, 84446.0, 84502.0, 140730.0 
GO:2000463 BP 1.90e-06 13/1950    29/18979 D08 positive regulation of excitatory postsynaptic potential 1139.0, 1742.0, 2902.0, 2905.0, 5575.0, 5590.0, 10458.0, 50944.0, 54413.0, 57465.0, 57555.0, 85358.0, 112755.0 
GO:0048488 BP 2.21e-06 15/1950    38/18979 D07 synaptic vesicle endocytosis             273.0, 1020.0, 1173.0, 1175.0, 1487.0, 1759.0, 6844.0, 6855.0, 6861.0, 8867.0, 23396.0, 29993.0, 54413.0, 57465.0, 57555.0 
GO:0016192 BP 4.82e-06 35/1950   152/18979 D04 vesicle-mediated transport               160.0, 161.0, 162.0, 377.0, 381.0, 547.0, 1173.0, 1174.0, 1175.0, 2664.0, 4905.0, 5119.0, 6712.0, 6812.0, 6844.0, 8120.0, 8904.0, 8907.0, 8943.0, 8997.0, 9479.0, 9727.0, 10121.0, 10239.0, 10313.0, 23162.0, 25977.0, 26276.0, 27183.0, 53916.0, 55317.0, 57731.0, 84315.0, 152579.0, 390790.0 
GO:0031175 BP 1.96e-05 27/1950   110/18979 D06 neuron projection development            351.0, 1020.0, 1861.0, 2932.0, 3897.0, 4131.0, 4137.0, 5127.0, 5662.0, 5923.0, 6456.0, 8408.0, 8851.0, 10084.0, 11021.0, 11091.0, 26047.0, 50861.0, 51560.0, 57465.0, 57662.0, 59335.0, 84687.0, 90249.0, 92558.0, 157922.0, 201191.0 
GO:0007269 BP 2.34e-05 11/1950    26/18979 D08 neurotransmitter secretion               41.0, 5799.0, 6812.0, 6853.0, 8541.0, 9379.0, 9751.0, 23025.0, 64130.0, 84446.0, 140679.0 
GO:0098978 CC 2.74e-16 96/1950   392/18979 D04 glutamatergic synapse                    29.0, 87.0, 320.0, 491.0, 613.0, 1020.0, 1128.0, 1173.0, 1487.0, 1609.0, 1742.0, 1759.0, 1813.0, 1821.0, 1994.0, 2047.0, 2048.0, 2319.0, 2550.0, 2894.0, 2905.0, 2932.0, 3265.0, 3675.0, 5300.0, 5499.0, 5518.0, 5566.0, 5575.0, 5590.0, 5595.0, 5802.0, 5881.0, 6455.0, 6456.0, 6616.0, 6710.0, 6712.0, 6714.0, 6812.0, 6860.0, 7204.0, 7425.0, 7781.0, 8506.0, 8536.0, 8541.0, 8618.0, 8775.0, 8927.0, 8943.0, 9229.0, 9256.0, 9379.0, 9498.0, 9746.0, 9900.0, 9921.0, 10211.0, 10458.0, 10675.0, 11151.0, 11178.0, 22839.0, 22883.0, 22941.0, 23373.0, 25921.0, 26232.0, 27020.0, 27092.0, 28988.0, 50632.0, 50944.0, 56850.0, 57460.0, 57617.0, 58512.0, 59284.0, 63827.0, 64840.0, 65078.0, 78999.0, 79414.0, 80728.0, 80758.0, 81609.0, 81873.0, 84435.0, 84557.0, 84628.0, 84961.0, 94030.0, 112476.0, 126129.0, 127262.0 
GO:0030672 CC 1.69e-13 40/1950   109/18979 D08 synaptic vesicle membrane                273.0, 527.0, 534.0, 535.0, 537.0, 808.0, 1212.0, 1813.0, 5799.0, 5802.0, 5864.0, 5869.0, 6844.0, 6853.0, 6855.0, 6860.0, 6861.0, 7466.0, 7781.0, 8927.0, 9114.0, 9145.0, 9296.0, 9498.0, 9899.0, 9900.0, 11021.0, 23025.0, 25837.0, 55530.0, 79953.0, 80331.0, 80863.0, 84937.0, 91683.0, 112476.0, 115827.0, 140679.0, 192683.0, 255057.0 
GO:0098793 CC 1.19e-12 46/1950   145/18979 D02 presynapse                               41.0, 156.0, 321.0, 1020.0, 1175.0, 1609.0, 2932.0, 5071.0, 5499.0, 5864.0, 6455.0, 6456.0, 6543.0, 6580.0, 6712.0, 6853.0, 7532.0, 7533.0, 8120.0, 8618.0, 8775.0, 8851.0, 8867.0, 9379.0, 9498.0, 9513.0, 9751.0, 10239.0, 23396.0, 25977.0, 28988.0, 51560.0, 54413.0, 55964.0, 57497.0, 57617.0, 64130.0, 64601.0, 65078.0, 80331.0, 84961.0, 112476.0, 112755.0, 116841.0, 140679.0, 140775.0 
GO:0030425 CC 5.75e-12 89/1950   410/18979 D05 dendrite                                 134.0, 547.0, 575.0, 1020.0, 1128.0, 1131.0, 1132.0, 1152.0, 1501.0, 1762.0, 1813.0, 1821.0, 2011.0, 2047.0, 2048.0, 2049.0, 2475.0, 2781.0, 2784.0, 2785.0, 2902.0, 2932.0, 3064.0, 3362.0, 3632.0, 3897.0, 4130.0, 4131.0, 4135.0, 4137.0, 5126.0, 5518.0, 5905.0, 5914.0, 6543.0, 6853.0, 6860.0, 6869.0, 7466.0, 8851.0, 8927.0, 9479.0, 9498.0, 9572.0, 9746.0, 9900.0, 10021.0, 10381.0, 10445.0, 10612.0, 22906.0, 22983.0, 23046.0, 23162.0, 23373.0, 25828.0, 25921.0, 26047.0, 27020.0, 28988.0, 29888.0, 50944.0, 51617.0, 55201.0, 55361.0, 56850.0, 57463.0, 57521.0, 57692.0, 57787.0, 64506.0, 66004.0, 79414.0, 80758.0, 84065.0, 84687.0, 85442.0, 91978.0, 94233.0, 114088.0, 114783.0, 126129.0, 140679.0, 153090.0, 201191.0, 349667.0, 375323.0, 387804.0, 392617.0 
GO:0014069 CC 6.34e-11 61/1950   248/18979 D04 postsynaptic density                     118.0, 119.0, 134.0, 575.0, 613.0, 1020.0, 1501.0, 1742.0, 1813.0, 1821.0, 2039.0, 2785.0, 2902.0, 3631.0, 4131.0, 4355.0, 4744.0, 4842.0, 4905.0, 5064.0, 5071.0, 5170.0, 5590.0, 6543.0, 6714.0, 6853.0, 7732.0, 8536.0, 8851.0, 8927.0, 8997.0, 9148.0, 9229.0, 9463.0, 9513.0, 9762.0, 10280.0, 10313.0, 11178.0, 11346.0, 22859.0, 22883.0, 22941.0, 23373.0, 23380.0, 23542.0, 28964.0, 28988.0, 50944.0, 53335.0, 56850.0, 58512.0, 64506.0, 79953.0, 84435.0, 84687.0, 85358.0, 201191.0, 388135.0, 440073.0, 729956.0 
GO:0030426 CC 5.46e-09 37/1950   130/18979 D03 growth cone                              322.0, 808.0, 1020.0, 1072.0, 1400.0, 1861.0, 3508.0, 3831.0, 4131.0, 4137.0, 5664.0, 5802.0, 5881.0, 5923.0, 6616.0, 6624.0, 7070.0, 8851.0, 8941.0, 9513.0, 10280.0, 10300.0, 10381.0, 10409.0, 10540.0, 11336.0, 11344.0, 22859.0, 22941.0, 23046.0, 23162.0, 26053.0, 50861.0, 65018.0, 84687.0, 116983.0, 255057.0 
GO:0030424 CC 7.74e-09 66/1950   310/18979 D05 axon                                     29.0, 351.0, 478.0, 547.0, 613.0, 1020.0, 1639.0, 1813.0, 2047.0, 2048.0, 2664.0, 2931.0, 2932.0, 3064.0, 3508.0, 3748.0, 3749.0, 3897.0, 4130.0, 4131.0, 4135.0, 4137.0, 4185.0, 4744.0, 5064.0, 5802.0, 5864.0, 6543.0, 6812.0, 6853.0, 6860.0, 6861.0, 8408.0, 8567.0, 8636.0, 8851.0, 8927.0, 9344.0, 9513.0, 10021.0, 10381.0, 11151.0, 22859.0, 22983.0, 23057.0, 23162.0, 26047.0, 26115.0, 27242.0, 55238.0, 55714.0, 56850.0, 64601.0, 65018.0, 79414.0, 79969.0, 84628.0, 91978.0, 94233.0, 112755.0, 114783.0, 126129.0, 130074.0, 153090.0, 349667.0, 387804.0 
GO:0005829 CC 9.07e-09 618/1950  4965/18979 D02 cytosol                                  16.0, 29.0, 31.0, 50.0, 87.0, 91.0, 118.0, 119.0, 156.0, 160.0, 161.0, 162.0, 226.0, 230.0, 246.0, 271.0, 273.0, 311.0, 320.0, 351.0, 396.0, 398.0, 402.0, 408.0, 435.0, 526.0, 534.0, 535.0, 570.0, 572.0, 613.0, 705.0, 738.0, 752.0, 766.0, 784.0, 823.0, 826.0, 896.0, 898.0, 899.0, 997.0, 1020.0, 1032.0, 1072.0, 1152.0, 1155.0, 1173.0, 1174.0, 1175.0, 1212.0, 1352.0, 1384.0, 1400.0, 1408.0, 1453.0, 1455.0, 1460.0, 1606.0, 1609.0, 1613.0, 1616.0, 1639.0, 1659.0, 1742.0, 1778.0, 1802.0, 1819.0, 1840.0, 1845.0, 1861.0, 1994.0, 2010.0, 2021.0, 2036.0, 2039.0, 2047.0, 2048.0, 2049.0, 2068.0, 2170.0, 2193.0, 2194.0, 2245.0, 2475.0, 2582.0, 2597.0, 2664.0, 2778.0, 2781.0, 2782.0, 2783.0, 2784.0, 2802.0, 2805.0, 2817.0, 2821.0, 2873.0, 2885.0, 2909.0, 2931.0, 2932.0, 2937.0, 3029.0, 3035.0, 3064.0, 3083.0, 3098.0, 3159.0, 3265.0, 3614.0, 3619.0, 3631.0, 3654.0, 3667.0, 3795.0, 3797.0, 3831.0, 3835.0, 3887.0, 4130.0, 4131.0, 4137.0, 4141.0, 4145.0, 4221.0, 4350.0, 4351.0, 4358.0, 4435.0, 4524.0, 4597.0, 4628.0, 4692.0, 4794.0, 4832.0, 4836.0, 4842.0, 4905.0, 4968.0, 5050.0, 5071.0, 5119.0, 5127.0, 5138.0, 5141.0, 5164.0, 5170.0, 5195.0, 5198.0, 5211.0, 5213.0, 5214.0, 5261.0, 5293.0, 5296.0, 5297.0, 5298.0, 5300.0, 5306.0, 5361.0, 5372.0, 5434.0, 5447.0, 5499.0, 5518.0, 5522.0, 5526.0, 5528.0, 5536.0, 5566.0, 5575.0, 5590.0, 5595.0, 5605.0, 5690.0, 5709.0, 5714.0, 5802.0, 5864.0, 5875.0, 5881.0, 5886.0, 5905.0, 5914.0, 5923.0, 5936.0, 6015.0, 6256.0, 6301.0, 6455.0, 6456.0, 6499.0, 6616.0, 6618.0, 6624.0, 6709.0, 6710.0, 6712.0, 6714.0, 6721.0, 6723.0, 6730.0, 6811.0, 6812.0, 6844.0, 6853.0, 6878.0, 6903.0, 7016.0, 7064.0, 7067.0, 7070.0, 7086.0, 7204.0, 7277.0, 7283.0, 7317.0, 7329.0, 7332.0, 7335.0, 7345.0, 7371.0, 7390.0, 7407.0, 7532.0, 7533.0, 7862.0, 7916.0, 7917.0, 8078.0, 8237.0, 8242.0, 8260.0, 8266.0, 8314.0, 8408.0, 8497.0, 8514.0, 8517.0, 8525.0, 8536.0, 8541.0, 8567.0, 8570.0, 8618.0, 8623.0, 8636.0, 8703.0, 8718.0, 8721.0, 8729.0, 8775.0, 8799.0, 8841.0, 8851.0, 8864.0, 8867.0, 8904.0, 8907.0, 8924.0, 8945.0, 8997.0, 9040.0, 9049.0, 9092.0, 9093.0, 9100.0, 9110.0, 9240.0, 9256.0, 9265.0, 9296.0, 9343.0, 9344.0, 9361.0, 9409.0, 9435.0, 9463.0, 9479.0, 9491.0, 9500.0, 9513.0, 9577.0, 9578.0, 9632.0, 9682.0, 9684.0, 9701.0, 9711.0, 9727.0, 9807.0, 9811.0, 9820.0, 9825.0, 9826.0, 9827.0, 9853.0, 9870.0, 9887.0, 9901.0, 9927.0, 9980.0, 10005.0, 10011.0, 10043.0, 10058.0, 10075.0, 10120.0, 10121.0, 10193.0, 10197.0, 10204.0, 10251.0, 10273.0, 10280.0, 10300.0, 10307.0, 10382.0, 10400.0, 10421.0, 10422.0, 10452.0, 10458.0, 10489.0, 10498.0, 10524.0, 10540.0, 10570.0, 10573.0, 10811.0, 10844.0, 10849.0, 10856.0, 10868.0, 10869.0, 10900.0, 10948.0, 10980.0, 11021.0, 11047.0, 11128.0, 11140.0, 11151.0, 11188.0, 11332.0, 11336.0, 11346.0, 22848.0, 22870.0, 22880.0, 22906.0, 22907.0, 22941.0, 23038.0, 23054.0, 23057.0, 23164.0, 23170.0, 23178.0, 23185.0, 23223.0, 23265.0, 23295.0, 23299.0, 23352.0, 23357.0, 23367.0, 23373.0, 23380.0, 23396.0, 23481.0, 23491.0, 23558.0, 23583.0, 23616.0, 23633.0, 23770.0, 24142.0, 25830.0, 25977.0, 25999.0, 26000.0, 26001.0, 26007.0, 26038.0, 26063.0, 26100.0, 26155.0, 26232.0, 26270.0, 26276.0, 26284.0, 26523.0, 27175.0, 27183.0, 27232.0, 27304.0, 27338.0, 27351.0, 27429.0, 28964.0, 28988.0, 28991.0, 29086.0, 29099.0, 29101.0, 29123.0, 29903.0, 29907.0, 29924.0, 29978.0, 29993.0, 30837.0, 30845.0, 50628.0, 50649.0, 50813.0, 50855.0, 50861.0, 50944.0, 51070.0, 51078.0, 51160.0, 51271.0, 51291.0, 51295.0, 51428.0, 51517.0, 51523.0, 51560.0, 51665.0, 51684.0, 51690.0, 51728.0, 53335.0, 53917.0, 54458.0, 54461.0, 54472.0, 54512.0, 54551.0, 54620.0, 54890.0, 55154.0, 55163.0, 55201.0, 55229.0, 55275.0, 55317.0, 55337.0, 55361.0, 55466.0, 55527.0, 55585.0, 55593.0, 55611.0, 55615.0, 55643.0, 55658.0, 55662.0, 55665.0, 55670.0, 55690.0, 55697.0, 55705.0, 55715.0, 55809.0, 55844.0, 55884.0, 55929.0, 56848.0, 56850.0, 56893.0, 56904.0, 56915.0, 57026.0, 57407.0, 57410.0, 57521.0, 57591.0, 57605.0, 57704.0, 57706.0, 57731.0, 57732.0, 57761.0, 57787.0, 58485.0, 58538.0, 60528.0, 63891.0, 63893.0, 64210.0, 64223.0, 64320.0, 64506.0, 64744.0, 64777.0, 64837.0, 65009.0, 65018.0, 65263.0, 65264.0, 65268.0, 79004.0, 79035.0, 79094.0, 79147.0, 79176.0, 79622.0, 79754.0, 79760.0, 79791.0, 79798.0, 79803.0, 79831.0, 79837.0, 79873.0, 79969.0, 80028.0, 80097.0, 80142.0, 80148.0, 80153.0, 80308.0, 80325.0, 80331.0, 80700.0, 80728.0, 80758.0, 80772.0, 80789.0, 80790.0, 81559.0, 81609.0, 81876.0, 83442.0, 83541.0, 83636.0, 83667.0, 83696.0, 83743.0, 84206.0, 84254.0, 84285.0, 84315.0, 84364.0, 84464.0, 84516.0, 84557.0, 84630.0, 84649.0, 84656.0, 84861.0, 84871.0, 84937.0, 84961.0, 84993.0, 85236.0, 85358.0, 85369.0, 85456.0, 90135.0, 91433.0, 91782.0, 93436.0, 93611.0, 112755.0, 112936.0, 113130.0, 114822.0, 115098.0, 115827.0, 115939.0, 116138.0, 116986.0, 118424.0, 124045.0, 124790.0, 124944.0, 126003.0, 127281.0, 128989.0, 140459.0, 140465.0, 140809.0, 144699.0, 145567.0, 146330.0, 148022.0, 149603.0, 150726.0, 153090.0, 155061.0, 157285.0, 162466.0, 203068.0, 221692.0, 246330.0, 255374.0, 256281.0, 261734.0, 282679.0, 284403.0, 284716.0, 342977.0, 348180.0, 378884.0, 387893.0, 414918.0, 440073.0, 474343.0, 503542.0, 645974.0, 653784.0, 727800.0, 729438.0 
GO:0008021 CC 1.41e-08 33/1950   112/18979 D09 synaptic vesicle                         273.0, 320.0, 351.0, 1183.0, 1742.0, 1861.0, 2550.0, 2902.0, 5127.0, 5413.0, 5664.0, 5864.0, 6616.0, 6844.0, 6853.0, 6855.0, 7732.0, 7781.0, 8927.0, 9463.0, 9498.0, 9892.0, 9899.0, 9900.0, 10567.0, 55530.0, 57799.0, 84446.0, 112476.0, 114088.0, 115827.0, 127262.0, 140679.0 
GO:0048786 CC 2.99e-08 18/1950    41/18979 D02 presynaptic active zone                  134.0, 351.0, 5864.0, 6853.0, 6855.0, 7204.0, 8497.0, 8506.0, 8541.0, 8927.0, 9900.0, 10211.0, 22941.0, 23025.0, 84446.0, 127262.0, 140679.0, 140730.0 
GO:0043197 CC 3.37e-08 39/1950   150/18979 D06 dendritic spine                          29.0, 87.0, 134.0, 320.0, 321.0, 351.0, 575.0, 613.0, 1742.0, 1813.0, 2048.0, 2550.0, 2902.0, 4131.0, 4137.0, 4355.0, 4842.0, 5064.0, 5499.0, 5566.0, 5662.0, 6543.0, 8851.0, 9148.0, 9513.0, 9572.0, 9758.0, 9762.0, 11178.0, 11346.0, 22941.0, 26115.0, 26232.0, 29888.0, 50944.0, 79953.0, 85358.0, 112476.0, 124925.0 
GO:0016020 CC 4.71e-08 382/1950  2895/18979 D02 membrane                                 16.0, 29.0, 43.0, 53.0, 103.0, 109.0, 112.0, 156.0, 160.0, 226.0, 246.0, 291.0, 311.0, 351.0, 396.0, 398.0, 412.0, 478.0, 527.0, 535.0, 537.0, 575.0, 576.0, 613.0, 705.0, 738.0, 752.0, 784.0, 823.0, 826.0, 955.0, 1020.0, 1025.0, 1072.0, 1128.0, 1139.0, 1141.0, 1174.0, 1185.0, 1209.0, 1455.0, 1606.0, 1639.0, 1727.0, 1759.0, 1778.0, 1819.0, 1861.0, 1951.0, 1954.0, 1994.0, 2010.0, 2011.0, 2132.0, 2193.0, 2194.0, 2319.0, 2475.0, 2583.0, 2597.0, 2734.0, 2778.0, 2782.0, 2783.0, 2802.0, 2821.0, 2870.0, 2907.0, 3054.0, 3163.0, 3508.0, 3632.0, 3831.0, 4035.0, 4037.0, 4137.0, 4141.0, 4145.0, 4191.0, 4248.0, 4924.0, 5002.0, 5045.0, 5050.0, 5126.0, 5141.0, 5170.0, 5195.0, 5211.0, 5213.0, 5214.0, 5297.0, 5298.0, 5447.0, 5496.0, 5518.0, 5590.0, 5664.0, 5690.0, 5709.0, 5834.0, 5869.0, 6376.0, 6508.0, 6534.0, 6545.0, 6548.0, 6553.0, 6580.0, 6597.0, 6616.0, 6709.0, 6844.0, 6892.0, 7532.0, 7798.0, 7916.0, 7917.0, 7920.0, 8079.0, 8260.0, 8266.0, 8408.0, 8482.0, 8506.0, 8514.0, 8534.0, 8567.0, 8570.0, 8604.0, 8642.0, 8729.0, 8775.0, 8799.0, 8851.0, 8904.0, 8907.0, 8912.0, 8924.0, 8941.0, 8943.0, 9028.0, 9114.0, 9158.0, 9296.0, 9343.0, 9361.0, 9392.0, 9401.0, 9409.0, 9491.0, 9498.0, 9513.0, 9612.0, 9672.0, 9687.0, 9751.0, 9777.0, 9791.0, 9810.0, 9827.0, 9899.0, 9993.0, 10025.0, 10043.0, 10061.0, 10075.0, 10113.0, 10120.0, 10131.0, 10197.0, 10211.0, 10251.0, 10280.0, 10300.0, 10307.0, 10391.0, 10423.0, 10446.0, 10452.0, 10489.0, 10514.0, 10523.0, 10525.0, 10540.0, 10554.0, 10567.0, 10594.0, 10675.0, 10712.0, 10844.0, 10856.0, 10861.0, 10864.0, 10904.0, 10999.0, 11128.0, 11151.0, 11182.0, 11188.0, 11230.0, 11253.0, 11285.0, 22859.0, 22937.0, 23017.0, 23065.0, 23185.0, 23265.0, 23295.0, 23339.0, 23352.0, 23367.0, 23400.0, 23416.0, 23420.0, 23457.0, 23481.0, 23563.0, 23633.0, 23659.0, 23770.0, 23780.0, 23787.0, 24148.0, 25789.0, 25864.0, 25921.0, 25953.0, 25960.0, 26038.0, 26047.0, 26100.0, 26173.0, 26229.0, 26232.0, 26262.0, 27339.0, 27429.0, 28964.0, 28988.0, 29888.0, 29907.0, 30815.0, 50628.0, 50651.0, 50944.0, 51063.0, 51161.0, 51172.0, 51195.0, 51286.0, 51303.0, 51428.0, 51586.0, 53349.0, 54413.0, 54437.0, 54480.0, 54814.0, 55116.0, 55226.0, 55260.0, 55275.0, 55308.0, 55324.0, 55361.0, 55379.0, 55466.0, 55654.0, 55705.0, 55714.0, 56301.0, 56848.0, 56894.0, 56904.0, 56926.0, 56949.0, 57062.0, 57106.0, 57192.0, 57338.0, 57410.0, 57468.0, 57555.0, 57596.0, 57605.0, 57704.0, 57731.0, 63827.0, 64090.0, 64210.0, 64506.0, 64755.0, 64781.0, 64837.0, 64840.0, 65018.0, 65055.0, 65989.0, 78987.0, 79039.0, 79065.0, 79089.0, 79143.0, 79183.0, 79369.0, 79567.0, 79798.0, 79803.0, 79847.0, 79932.0, 79939.0, 79948.0, 80148.0, 80153.0, 80331.0, 80757.0, 80789.0, 80863.0, 83658.0, 84063.0, 84065.0, 84435.0, 84439.0, 84649.0, 84814.0, 84900.0, 84937.0, 85019.0, 85455.0, 89792.0, 89801.0, 90120.0, 90956.0, 93185.0, 94233.0, 112476.0, 112755.0, 113444.0, 113452.0, 113655.0, 114794.0, 116225.0, 116986.0, 120776.0, 121665.0, 124583.0, 126792.0, 130617.0, 136853.0, 140885.0, 146691.0, 147645.0, 149345.0, 154790.0, 161145.0, 192683.0, 196500.0, 221491.0, 253982.0, 254359.0, 255783.0, 283450.0, 284069.0, 284353.0, 284613.0, 285368.0, 317781.0, 387804.0, 388021.0, 392617.0, 404217.0, 440400.0, 441151.0, 441381.0, 643988.0, 645191.0, 645426.0, 728661.0, 100507421.0, 113523636.0 
GO:0005737 CC 7.72e-07 547/1950  4453/18979 D02 cytoplasm                                16.0, 87.0, 103.0, 109.0, 118.0, 152.0, 156.0, 311.0, 314.0, 320.0, 321.0, 322.0, 326.0, 351.0, 377.0, 381.0, 402.0, 408.0, 435.0, 491.0, 705.0, 726.0, 766.0, 808.0, 823.0, 896.0, 898.0, 899.0, 1020.0, 1032.0, 1072.0, 1107.0, 1155.0, 1408.0, 1453.0, 1455.0, 1460.0, 1501.0, 1565.0, 1609.0, 1613.0, 1620.0, 1639.0, 1727.0, 1742.0, 1759.0, 1819.0, 1840.0, 1845.0, 1850.0, 1917.0, 1994.0, 2010.0, 2011.0, 2016.0, 2067.0, 2068.0, 2193.0, 2194.0, 2245.0, 2475.0, 2597.0, 2664.0, 2782.0, 2783.0, 2784.0, 2805.0, 2870.0, 2873.0, 2885.0, 2902.0, 2931.0, 2932.0, 3035.0, 3054.0, 3064.0, 3265.0, 3508.0, 3614.0, 3623.0, 3631.0, 3654.0, 3667.0, 3795.0, 3831.0, 3927.0, 4130.0, 4137.0, 4141.0, 4191.0, 4209.0, 4221.0, 4294.0, 4355.0, 4358.0, 4435.0, 4628.0, 4705.0, 4744.0, 4794.0, 4817.0, 4836.0, 4842.0, 4858.0, 4878.0, 4882.0, 5002.0, 5050.0, 5071.0, 5127.0, 5138.0, 5155.0, 5170.0, 5198.0, 5201.0, 5214.0, 5293.0, 5297.0, 5298.0, 5300.0, 5306.0, 5430.0, 5496.0, 5499.0, 5518.0, 5524.0, 5526.0, 5566.0, 5590.0, 5595.0, 5690.0, 5833.0, 5834.0, 5875.0, 5886.0, 5905.0, 5914.0, 5936.0, 6046.0, 6047.0, 6257.0, 6301.0, 6320.0, 6455.0, 6548.0, 6616.0, 6624.0, 6638.0, 6714.0, 6721.0, 6722.0, 6812.0, 6869.0, 6881.0, 6903.0, 6904.0, 6992.0, 7016.0, 7053.0, 7204.0, 7277.0, 7280.0, 7283.0, 7317.0, 7329.0, 7332.0, 7335.0, 7345.0, 7371.0, 7532.0, 7533.0, 7732.0, 7781.0, 7798.0, 7862.0, 7917.0, 8045.0, 8079.0, 8193.0, 8260.0, 8266.0, 8314.0, 8408.0, 8498.0, 8517.0, 8525.0, 8558.0, 8563.0, 8567.0, 8570.0, 8721.0, 8816.0, 8841.0, 8851.0, 8864.0, 8904.0, 8924.0, 8941.0, 8945.0, 8997.0, 9024.0, 9049.0, 9092.0, 9100.0, 9191.0, 9240.0, 9253.0, 9256.0, 9344.0, 9392.0, 9401.0, 9463.0, 9479.0, 9513.0, 9568.0, 9572.0, 9577.0, 9578.0, 9645.0, 9651.0, 9675.0, 9684.0, 9751.0, 9755.0, 9762.0, 9764.0, 9796.0, 9807.0, 9820.0, 9825.0, 9826.0, 9870.0, 9887.0, 9898.0, 9901.0, 9905.0, 9921.0, 10011.0, 10043.0, 10055.0, 10075.0, 10078.0, 10084.0, 10120.0, 10121.0, 10126.0, 10197.0, 10248.0, 10273.0, 10296.0, 10300.0, 10307.0, 10376.0, 10381.0, 10382.0, 10391.0, 10409.0, 10421.0, 10445.0, 10458.0, 10489.0, 10494.0, 10498.0, 10514.0, 10522.0, 10523.0, 10524.0, 10540.0, 10612.0, 10614.0, 10634.0, 10856.0, 10868.0, 10948.0, 10980.0, 10982.0, 11007.0, 11140.0, 11151.0, 11178.0, 11188.0, 11189.0, 11261.0, 11344.0, 22880.0, 22884.0, 22906.0, 22907.0, 22924.0, 22983.0, 23031.0, 23038.0, 23070.0, 23096.0, 23162.0, 23170.0, 23178.0, 23180.0, 23277.0, 23281.0, 23295.0, 23299.0, 23309.0, 23339.0, 23367.0, 23373.0, 23380.0, 23386.0, 23510.0, 23542.0, 23543.0, 23552.0, 23558.0, 23567.0, 23625.0, 24142.0, 24144.0, 25830.0, 25858.0, 25864.0, 25920.0, 26001.0, 26011.0, 26053.0, 26168.0, 26232.0, 26270.0, 26276.0, 26523.0, 26993.0, 27006.0, 27043.0, 27175.0, 27183.0, 27242.0, 27304.0, 27339.0, 27341.0, 28988.0, 29086.0, 29844.0, 29888.0, 29970.0, 29978.0, 29993.0, 30000.0, 30815.0, 30845.0, 50628.0, 50813.0, 50853.0, 50861.0, 51070.0, 51087.0, 51127.0, 51154.0, 51155.0, 51160.0, 51177.0, 51271.0, 51295.0, 51341.0, 51586.0, 51655.0, 51684.0, 54434.0, 54461.0, 54472.0, 54512.0, 54784.0, 54870.0, 54985.0, 55083.0, 55108.0, 55154.0, 55316.0, 55337.0, 55379.0, 55466.0, 55572.0, 55654.0, 55658.0, 55662.0, 55705.0, 55715.0, 55859.0, 55929.0, 56666.0, 56848.0, 56893.0, 56904.0, 56915.0, 56919.0, 57026.0, 57179.0, 57410.0, 57446.0, 57460.0, 57465.0, 57521.0, 57524.0, 57555.0, 57591.0, 57596.0, 57605.0, 57662.0, 57731.0, 57787.0, 57805.0, 58485.0, 60314.0, 60626.0, 60678.0, 60680.0, 63891.0, 63893.0, 63941.0, 64061.0, 64210.0, 64219.0, 64223.0, 64506.0, 64744.0, 64777.0, 64781.0, 64837.0, 65009.0, 65018.0, 65055.0, 65094.0, 65123.0, 65268.0, 65992.0, 65999.0, 79094.0, 79096.0, 79140.0, 79176.0, 79187.0, 79363.0, 79567.0, 79734.0, 79760.0, 79798.0, 80139.0, 80178.0, 80212.0, 80324.0, 80325.0, 80700.0, 80728.0, 80755.0, 80789.0, 80851.0, 81559.0, 81873.0, 83442.0, 83593.0, 83605.0, 83658.0, 83667.0, 83696.0, 84254.0, 84446.0, 84461.0, 84518.0, 84630.0, 84687.0, 84717.0, 84769.0, 84861.0, 84934.0, 84937.0, 84964.0, 85409.0, 85456.0, 90120.0, 90668.0, 90990.0, 91978.0, 92558.0, 93145.0, 93611.0, 112398.0, 112939.0, 113130.0, 114088.0, 116138.0, 116225.0, 116983.0, 116986.0, 116988.0, 124044.0, 124045.0, 124790.0, 124801.0, 126003.0, 127262.0, 127281.0, 128989.0, 130617.0, 139728.0, 140775.0, 140809.0, 140901.0, 144347.0, 144699.0, 146713.0, 147906.0, 149603.0, 153090.0, 155061.0, 157285.0, 157922.0, 196403.0, 199746.0, 201191.0, 202500.0, 203068.0, 221477.0, 221908.0, 222229.0, 255374.0, 259217.0, 282679.0, 283638.0, 283871.0, 284716.0, 338692.0, 339983.0, 342977.0, 348262.0, 375449.0, 376267.0, 388228.0, 388341.0, 389119.0, 390637.0, 390790.0, 399979.0, 402381.0, 406929.0, 440730.0, 653319.0, 727957.0, 100132074.0, 100533183.0 
GO:0005654 CC 1.67e-06 457/1950  3663/18979 D02 nucleoplasm                              103.0, 118.0, 311.0, 322.0, 402.0, 408.0, 607.0, 705.0, 863.0, 896.0, 898.0, 997.0, 1020.0, 1025.0, 1032.0, 1107.0, 1453.0, 1460.0, 1487.0, 1613.0, 1616.0, 1659.0, 1819.0, 1840.0, 1845.0, 1960.0, 1961.0, 1994.0, 2010.0, 2011.0, 2048.0, 2067.0, 2068.0, 2071.0, 2475.0, 2802.0, 2817.0, 2873.0, 2885.0, 2932.0, 2962.0, 2968.0, 3054.0, 3064.0, 3159.0, 3265.0, 3508.0, 3607.0, 3619.0, 3631.0, 3654.0, 3667.0, 4004.0, 4097.0, 4152.0, 4209.0, 4221.0, 4335.0, 4350.0, 4353.0, 4435.0, 4665.0, 4692.0, 4794.0, 4798.0, 4809.0, 4839.0, 4842.0, 4913.0, 4968.0, 5064.0, 5097.0, 5126.0, 5141.0, 5164.0, 5300.0, 5361.0, 5430.0, 5434.0, 5438.0, 5496.0, 5499.0, 5524.0, 5528.0, 5536.0, 5546.0, 5566.0, 5595.0, 5690.0, 5709.0, 5714.0, 5886.0, 5905.0, 5914.0, 5936.0, 6015.0, 6046.0, 6047.0, 6256.0, 6257.0, 6548.0, 6597.0, 6598.0, 6602.0, 6618.0, 6638.0, 6714.0, 6721.0, 6722.0, 6812.0, 6829.0, 6830.0, 6835.0, 6839.0, 6878.0, 6881.0, 6919.0, 6942.0, 6944.0, 7014.0, 7067.0, 7086.0, 7259.0, 7290.0, 7317.0, 7329.0, 7332.0, 7335.0, 7343.0, 7345.0, 7732.0, 7862.0, 7916.0, 7917.0, 8085.0, 8237.0, 8242.0, 8266.0, 8314.0, 8498.0, 8517.0, 8535.0, 8563.0, 8570.0, 8704.0, 8721.0, 8799.0, 8816.0, 8841.0, 8851.0, 8861.0, 8864.0, 8904.0, 8924.0, 8945.0, 8971.0, 8997.0, 9040.0, 9049.0, 9092.0, 9100.0, 9136.0, 9149.0, 9203.0, 9240.0, 9265.0, 9277.0, 9343.0, 9344.0, 9361.0, 9401.0, 9435.0, 9441.0, 9491.0, 9572.0, 9577.0, 9612.0, 9682.0, 9687.0, 9711.0, 9727.0, 9797.0, 9807.0, 9810.0, 9825.0, 9826.0, 9862.0, 9883.0, 10011.0, 10025.0, 10046.0, 10055.0, 10058.0, 10075.0, 10084.0, 10131.0, 10147.0, 10155.0, 10197.0, 10204.0, 10248.0, 10262.0, 10273.0, 10291.0, 10293.0, 10296.0, 10421.0, 10445.0, 10458.0, 10474.0, 10498.0, 10514.0, 10522.0, 10523.0, 10524.0, 10594.0, 10607.0, 10614.0, 10618.0, 10844.0, 10849.0, 10856.0, 10898.0, 10948.0, 10980.0, 11047.0, 11091.0, 11128.0, 11188.0, 11332.0, 11338.0, 22880.0, 22888.0, 22992.0, 23038.0, 23054.0, 23060.0, 23070.0, 23246.0, 23309.0, 23326.0, 23352.0, 23373.0, 23396.0, 23410.0, 23466.0, 23476.0, 23481.0, 23543.0, 23552.0, 23558.0, 23567.0, 23583.0, 23633.0, 23641.0, 23659.0, 24144.0, 24148.0, 25851.0, 25885.0, 25920.0, 25921.0, 26017.0, 26038.0, 26094.0, 26100.0, 26121.0, 26145.0, 26155.0, 26168.0, 26173.0, 26240.0, 26523.0, 27043.0, 27338.0, 27339.0, 27341.0, 28991.0, 29086.0, 29099.0, 29101.0, 29123.0, 29844.0, 29855.0, 29890.0, 29903.0, 50628.0, 50813.0, 51069.0, 51070.0, 51078.0, 51155.0, 51291.0, 51295.0, 51333.0, 51400.0, 51428.0, 51523.0, 51586.0, 51684.0, 51690.0, 51728.0, 51761.0, 53335.0, 53635.0, 54458.0, 54475.0, 54512.0, 54555.0, 54663.0, 54870.0, 54890.0, 54913.0, 54985.0, 55201.0, 55226.0, 55308.0, 55317.0, 55337.0, 55588.0, 55611.0, 55625.0, 55658.0, 55662.0, 55735.0, 55809.0, 55929.0, 55957.0, 56848.0, 56850.0, 56893.0, 56904.0, 56915.0, 56919.0, 56949.0, 57192.0, 57332.0, 57407.0, 57414.0, 57418.0, 57455.0, 57459.0, 57460.0, 57466.0, 57473.0, 57521.0, 57591.0, 57634.0, 57727.0, 57761.0, 57794.0, 57805.0, 58525.0, 59335.0, 60314.0, 60528.0, 63893.0, 63925.0, 63977.0, 64061.0, 64210.0, 64223.0, 64506.0, 64743.0, 64744.0, 64837.0, 64949.0, 65083.0, 65123.0, 65264.0, 79004.0, 79016.0, 79035.0, 79039.0, 79050.0, 79080.0, 79147.0, 79622.0, 79650.0, 79697.0, 79706.0, 79760.0, 79798.0, 79831.0, 79837.0, 79897.0, 80097.0, 80212.0, 80324.0, 80758.0, 80764.0, 80789.0, 80790.0, 81559.0, 83444.0, 83743.0, 83746.0, 84148.0, 84206.0, 84254.0, 84276.0, 84285.0, 84289.0, 84446.0, 84464.0, 84516.0, 84630.0, 84656.0, 84687.0, 84759.0, 84934.0, 84964.0, 84967.0, 84969.0, 84971.0, 85236.0, 90120.0, 90809.0, 91782.0, 92609.0, 92856.0, 93145.0, 112398.0, 112939.0, 113130.0, 115196.0, 116138.0, 116447.0, 116986.0, 124790.0, 124944.0, 124995.0, 140775.0, 140901.0, 147645.0, 149603.0, 155061.0, 161882.0, 162989.0, 169714.0, 170394.0, 199746.0, 222229.0, 261734.0, 342977.0, 345630.0, 353497.0, 387893.0, 440073.0, 474343.0, 653784.0, 727800.0, 728489.0, 100101267.0, 100125288.0, 100288332.0, 105376752.0 
GO:0000139 CC 3.28e-06 99/1950   607/18979 D05 Golgi membrane                           162.0, 377.0, 408.0, 863.0, 955.0, 1174.0, 1813.0, 2132.0, 2475.0, 2583.0, 2734.0, 2801.0, 2802.0, 3265.0, 4248.0, 5045.0, 5155.0, 5298.0, 5664.0, 6456.0, 6721.0, 6811.0, 6860.0, 6892.0, 8534.0, 8703.0, 8704.0, 8729.0, 8907.0, 8943.0, 9265.0, 9334.0, 9382.0, 9394.0, 9435.0, 9746.0, 9827.0, 9914.0, 9980.0, 10058.0, 10313.0, 10675.0, 11041.0, 11237.0, 11261.0, 11282.0, 11285.0, 22883.0, 22937.0, 23057.0, 23162.0, 23315.0, 23563.0, 23646.0, 25789.0, 25837.0, 25921.0, 26056.0, 26229.0, 28988.0, 29906.0, 30815.0, 50614.0, 51070.0, 51560.0, 51761.0, 54480.0, 54814.0, 55298.0, 55361.0, 55625.0, 55697.0, 56894.0, 57414.0, 57574.0, 64131.0, 79065.0, 79147.0, 79369.0, 79903.0, 79932.0, 80142.0, 81876.0, 83723.0, 84243.0, 84302.0, 84364.0, 90522.0, 92979.0, 93210.0, 114783.0, 126792.0, 128637.0, 149175.0, 192683.0, 221477.0, 222865.0, 285973.0, 401647.0 
GO:0043025 CC 4.60e-06 62/1950   336/18979 D03 neuronal cell body                       134.0, 478.0, 1020.0, 1152.0, 1639.0, 2048.0, 2550.0, 2664.0, 2931.0, 3054.0, 3623.0, 3897.0, 4130.0, 4131.0, 4137.0, 5372.0, 5518.0, 5664.0, 5798.0, 5881.0, 6376.0, 6543.0, 6712.0, 6714.0, 6860.0, 6861.0, 7345.0, 7425.0, 8851.0, 9479.0, 9513.0, 9900.0, 10300.0, 10381.0, 10382.0, 10458.0, 22941.0, 22983.0, 23373.0, 23400.0, 23542.0, 25828.0, 26047.0, 26470.0, 55201.0, 55238.0, 55361.0, 56850.0, 57468.0, 57521.0, 57731.0, 59284.0, 64601.0, 65078.0, 79791.0, 80023.0, 84630.0, 84687.0, 85442.0, 124925.0, 153090.0, 374291.0 
GO:0043005 CC 8.09e-06 56/1950   299/18979 D04 neuron projection                        1020.0, 1139.0, 1141.0, 1453.0, 1639.0, 1742.0, 2821.0, 2902.0, 4130.0, 4137.0, 4882.0, 4987.0, 5071.0, 5127.0, 5518.0, 5881.0, 5923.0, 6376.0, 6616.0, 6844.0, 6855.0, 7283.0, 7425.0, 7732.0, 7781.0, 8851.0, 8941.0, 9344.0, 9463.0, 9498.0, 9568.0, 9751.0, 9810.0, 10313.0, 22859.0, 22883.0, 22941.0, 22983.0, 23025.0, 23400.0, 26011.0, 28964.0, 50861.0, 50944.0, 55361.0, 55714.0, 55964.0, 57468.0, 57787.0, 64506.0, 65078.0, 80023.0, 85358.0, 140679.0, 349667.0, 374291.0 
GO:0043204 CC 1.09e-05 34/1950   152/18979 D02 perikaryon                               351.0, 1020.0, 1400.0, 1501.0, 1762.0, 1813.0, 1821.0, 2021.0, 3748.0, 4131.0, 4185.0, 4692.0, 4878.0, 5126.0, 5499.0, 5798.0, 5802.0, 6324.0, 6543.0, 7732.0, 8851.0, 9148.0, 10445.0, 11346.0, 26047.0, 28988.0, 55361.0, 57463.0, 57468.0, 65078.0, 85442.0, 94233.0, 146760.0, 349667.0 
GO:0030665 CC 1.30e-05 12/1950    29/18979 D07 clathrin-coated vesicle membrane         526.0, 527.0, 534.0, 535.0, 537.0, 8120.0, 9114.0, 9296.0, 28988.0, 57706.0, 92840.0, 440400.0 
GO:0005768 CC 1.78e-05 53/1950   284/18979 D07 endosome                                 152.0, 351.0, 412.0, 1609.0, 2319.0, 2817.0, 2885.0, 5298.0, 5590.0, 5798.0, 5864.0, 5869.0, 6609.0, 7732.0, 9110.0, 9727.0, 9980.0, 10043.0, 10058.0, 10079.0, 10211.0, 10618.0, 10948.0, 23180.0, 25837.0, 26001.0, 26276.0, 27183.0, 29924.0, 29993.0, 50632.0, 51160.0, 51617.0, 54551.0, 55361.0, 55823.0, 57617.0, 57799.0, 64601.0, 79065.0, 80148.0, 80700.0, 81609.0, 83873.0, 84258.0, 84937.0, 112936.0, 115827.0, 116986.0, 146691.0, 148022.0, 254122.0, 326624.0 
GO:0048471 CC 2.11e-05 103/1950   664/18979 D02 perinuclear region of cytoplasm          43.0, 320.0, 351.0, 377.0, 381.0, 535.0, 547.0, 575.0, 899.0, 1453.0, 2039.0, 2319.0, 2597.0, 2783.0, 3064.0, 3265.0, 3675.0, 3757.0, 4131.0, 4135.0, 4842.0, 5071.0, 5138.0, 5141.0, 5298.0, 5566.0, 5590.0, 5605.0, 5664.0, 5864.0, 5881.0, 5905.0, 5914.0, 5936.0, 6376.0, 6456.0, 6548.0, 6616.0, 6714.0, 6812.0, 6844.0, 6855.0, 6860.0, 6861.0, 6881.0, 7016.0, 7059.0, 7329.0, 8851.0, 8864.0, 8867.0, 9024.0, 9148.0, 9463.0, 9479.0, 9491.0, 9811.0, 9820.0, 9914.0, 10021.0, 10079.0, 10193.0, 10293.0, 10523.0, 10524.0, 10868.0, 10980.0, 11336.0, 11344.0, 23162.0, 23357.0, 26276.0, 27183.0, 29993.0, 30845.0, 50626.0, 51655.0, 53349.0, 53635.0, 53916.0, 54472.0, 55201.0, 55275.0, 55662.0, 56893.0, 57407.0, 57414.0, 57692.0, 65018.0, 80142.0, 80758.0, 81876.0, 84630.0, 84649.0, 115827.0, 116841.0, 124925.0, 130074.0, 282679.0, 338692.0, 342977.0, 376267.0, 378884.0 
GO:0042734 CC 3.18e-05 28/1950   121/18979 D05 presynaptic membrane                     134.0, 478.0, 1128.0, 1141.0, 1813.0, 2048.0, 2550.0, 3748.0, 4185.0, 5138.0, 5664.0, 5802.0, 6616.0, 6855.0, 9463.0, 9498.0, 11336.0, 22859.0, 23025.0, 27020.0, 55361.0, 56850.0, 57555.0, 57706.0, 84966.0, 94030.0, 112476.0, 140730.0 
GO:0098685 CC 4.97e-05 23/1950    93/18979 D04 Schaffer collateral - CA1 synapse        29.0, 320.0, 321.0, 396.0, 613.0, 1020.0, 1128.0, 2550.0, 4744.0, 5575.0, 5590.0, 5802.0, 6853.0, 6855.0, 8927.0, 10458.0, 23096.0, 27020.0, 50944.0, 57497.0, 81609.0, 84628.0, 84961.0 
GO:0005769 CC 5.52e-05 50/1950   275/18979 D08 early endosome                           162.0, 351.0, 1174.0, 1183.0, 3064.0, 4035.0, 5119.0, 5595.0, 5605.0, 5664.0, 5869.0, 6456.0, 8120.0, 8263.0, 8372.0, 8907.0, 8943.0, 9100.0, 9114.0, 9392.0, 9711.0, 9777.0, 10043.0, 10079.0, 10211.0, 10239.0, 10612.0, 11151.0, 11188.0, 22906.0, 23180.0, 23295.0, 26047.0, 26056.0, 27183.0, 28988.0, 30845.0, 51160.0, 51617.0, 54472.0, 54551.0, 55654.0, 55823.0, 57617.0, 59284.0, 64601.0, 79803.0, 81609.0, 112936.0, 148022.0 
GO:0045211 CC 1.44e-04 33/1950   164/18979 D05 postsynaptic membrane                    134.0, 747.0, 1131.0, 1132.0, 1139.0, 1742.0, 1813.0, 2048.0, 2550.0, 2902.0, 2905.0, 3675.0, 3748.0, 3761.0, 6553.0, 9093.0, 9568.0, 9746.0, 10675.0, 22883.0, 22941.0, 23017.0, 23380.0, 50944.0, 54413.0, 57497.0, 57555.0, 57692.0, 84966.0, 85358.0, 375323.0, 440073.0, 729956.0 
GO:0031594 CC 1.54e-04 18/1950    69/18979 D04 neuromuscular junction                   43.0, 351.0, 1020.0, 1742.0, 3675.0, 5566.0, 5664.0, 6855.0, 8851.0, 9093.0, 9145.0, 9900.0, 22839.0, 23025.0, 57465.0, 58512.0, 80331.0, 112755.0 
GO:0071339 CC 1.58e-04 11/1950    31/18979 D07 MLL1 complex                             3054.0, 4221.0, 6878.0, 10445.0, 10856.0, 11091.0, 26121.0, 26168.0, 27043.0, 84148.0, 124944.0 
GO:0033263 CC 2.00e-04  5/1950     7/18979 D03 CORVET complex                           9392.0, 26276.0, 55823.0, 57617.0, 64601.0 
GO:0098839 CC 2.08e-04 22/1950    94/18979 D06 postsynaptic density membrane            491.0, 747.0, 1128.0, 1742.0, 2894.0, 2905.0, 5802.0, 9746.0, 10280.0, 27020.0, 27092.0, 57622.0, 59284.0, 64130.0, 78999.0, 79414.0, 79953.0, 80758.0, 80863.0, 94030.0, 112476.0, 729956.0 
GO:0043198 CC 2.83e-04 12/1950    38/18979 D02 dendritic shaft                          351.0, 2550.0, 4130.0, 4355.0, 4905.0, 5664.0, 10458.0, 57555.0, 65078.0, 79953.0, 84502.0, 124925.0 
GO:0060076 CC 2.97e-04 11/1950    33/18979 D04 excitatory synapse                       1742.0, 2902.0, 3675.0, 6855.0, 8927.0, 10458.0, 50944.0, 54413.0, 57555.0, 79953.0, 392617.0 
GO:0005874 CC 3.43e-04 49/1950   284/18979 D06 microtubule                              547.0, 1020.0, 1639.0, 1759.0, 1778.0, 2010.0, 2801.0, 2931.0, 3619.0, 3797.0, 3831.0, 3835.0, 4130.0, 4131.0, 4135.0, 4137.0, 5605.0, 6903.0, 6904.0, 7277.0, 7280.0, 7283.0, 8514.0, 8867.0, 10126.0, 10300.0, 10376.0, 10381.0, 10382.0, 10458.0, 10540.0, 23046.0, 27175.0, 55083.0, 55201.0, 64837.0, 79096.0, 79187.0, 79969.0, 83593.0, 83658.0, 84276.0, 84557.0, 90990.0, 91978.0, 157922.0, 203068.0, 283638.0, 653319.0 
GO:0097060 CC 3.70e-04 12/1950    39/18979 D04 synaptic membrane                        1742.0, 2902.0, 3675.0, 5138.0, 6534.0, 6714.0, 8508.0, 8867.0, 10458.0, 140730.0, 339453.0, 374291.0 
GO:0030897 CC 4.89e-04  5/1950     8/18979 D03 HOPS complex                             23339.0, 26276.0, 55823.0, 57617.0, 64601.0 
GO:0031931 CC 5.10e-04  4/1950     5/18979 D04 TORC1 complex                            2475.0, 9675.0, 57521.0, 64223.0 
GO:0005765 CC 5.20e-04 55/1950   336/18979 D07 lysosomal membrane                       21.0, 53.0, 162.0, 408.0, 526.0, 527.0, 535.0, 1173.0, 1174.0, 1183.0, 1185.0, 2475.0, 2629.0, 2782.0, 2783.0, 4035.0, 4905.0, 5119.0, 5664.0, 7317.0, 7781.0, 8907.0, 8943.0, 9114.0, 10058.0, 10211.0, 10641.0, 10948.0, 11133.0, 11182.0, 23339.0, 23400.0, 23457.0, 23646.0, 25851.0, 26001.0, 26276.0, 55238.0, 55317.0, 55361.0, 55823.0, 56834.0, 56848.0, 57192.0, 57521.0, 57617.0, 64601.0, 64837.0, 79803.0, 80331.0, 80700.0, 90809.0, 91782.0, 92979.0, 162540.0 
GO:0005886 CC 8.35e-04 459/1950  3910/18979 D03 plasma membrane                          21.0, 41.0, 43.0, 87.0, 91.0, 109.0, 112.0, 118.0, 119.0, 134.0, 152.0, 156.0, 160.0, 161.0, 246.0, 273.0, 291.0, 314.0, 320.0, 321.0, 322.0, 351.0, 377.0, 381.0, 398.0, 408.0, 412.0, 478.0, 491.0, 526.0, 527.0, 535.0, 575.0, 576.0, 613.0, 747.0, 752.0, 782.0, 808.0, 823.0, 826.0, 955.0, 1002.0, 1020.0, 1128.0, 1131.0, 1132.0, 1139.0, 1141.0, 1173.0, 1175.0, 1209.0, 1212.0, 1271.0, 1453.0, 1455.0, 1460.0, 1501.0, 1606.0, 1609.0, 1742.0, 1759.0, 1813.0, 1821.0, 1944.0, 1951.0, 2011.0, 2036.0, 2039.0, 2047.0, 2048.0, 2049.0, 2137.0, 2161.0, 2194.0, 2319.0, 2550.0, 2597.0, 2675.0, 2686.0, 2734.0, 2775.0, 2781.0, 2782.0, 2783.0, 2784.0, 2785.0, 2788.0, 2812.0, 2817.0, 2826.0, 2827.0, 2870.0, 2885.0, 2894.0, 2902.0, 2905.0, 2909.0, 2932.0, 3061.0, 3163.0, 3265.0, 3362.0, 3631.0, 3632.0, 3654.0, 3667.0, 3675.0, 3714.0, 3748.0, 3749.0, 3754.0, 3757.0, 3761.0, 3767.0, 3785.0, 3786.0, 3897.0, 4035.0, 4037.0, 4131.0, 4137.0, 4185.0, 4326.0, 4355.0, 4486.0, 4836.0, 4842.0, 4882.0, 4905.0, 4978.0, 4987.0, 5002.0, 5032.0, 5045.0, 5064.0, 5097.0, 5119.0, 5127.0, 5138.0, 5141.0, 5170.0, 5199.0, 5293.0, 5297.0, 5361.0, 5362.0, 5413.0, 5499.0, 5536.0, 5566.0, 5575.0, 5590.0, 5595.0, 5664.0, 5798.0, 5799.0, 5802.0, 5864.0, 5869.0, 5875.0, 5881.0, 5914.0, 5923.0, 6324.0, 6330.0, 6376.0, 6456.0, 6508.0, 6534.0, 6543.0, 6545.0, 6548.0, 6553.0, 6580.0, 6609.0, 6616.0, 6709.0, 6710.0, 6712.0, 6714.0, 6812.0, 6835.0, 6844.0, 6860.0, 6865.0, 6869.0, 7070.0, 7102.0, 7216.0, 7293.0, 7345.0, 7533.0, 7781.0, 7862.0, 7916.0, 8372.0, 8482.0, 8506.0, 8514.0, 8525.0, 8567.0, 8718.0, 8748.0, 8775.0, 8841.0, 8851.0, 8904.0, 8907.0, 8911.0, 8912.0, 8924.0, 8941.0, 9028.0, 9049.0, 9145.0, 9148.0, 9229.0, 9265.0, 9379.0, 9394.0, 9399.0, 9463.0, 9479.0, 9498.0, 9500.0, 9542.0, 9543.0, 9568.0, 9578.0, 9651.0, 9672.0, 9703.0, 9826.0, 9827.0, 9854.0, 9899.0, 9900.0, 9914.0, 10011.0, 10021.0, 10043.0, 10058.0, 10071.0, 10079.0, 10126.0, 10211.0, 10296.0, 10300.0, 10313.0, 10409.0, 10422.0, 10423.0, 10458.0, 10501.0, 10567.0, 10618.0, 10675.0, 10861.0, 10864.0, 10893.0, 10900.0, 10999.0, 11021.0, 11047.0, 11151.0, 11178.0, 11182.0, 11188.0, 11250.0, 11261.0, 11346.0, 22839.0, 22859.0, 22941.0, 22983.0, 23025.0, 23170.0, 23180.0, 23223.0, 23265.0, 23295.0, 23299.0, 23352.0, 23373.0, 23380.0, 23416.0, 23551.0, 25837.0, 25921.0, 25960.0, 25999.0, 26000.0, 26001.0, 26011.0, 26073.0, 26470.0, 27092.0, 27112.0, 27183.0, 27239.0, 27242.0, 28988.0, 29907.0, 29924.0, 29970.0, 29978.0, 29985.0, 29993.0, 30815.0, 30837.0, 30845.0, 50512.0, 50632.0, 50801.0, 50855.0, 50944.0, 51160.0, 51195.0, 51271.0, 51291.0, 51308.0, 51310.0, 51393.0, 51655.0, 51754.0, 51761.0, 53635.0, 53916.0, 53917.0, 54328.0, 54413.0, 54434.0, 54870.0, 54946.0, 55262.0, 55361.0, 55362.0, 55654.0, 55714.0, 56134.0, 56135.0, 56301.0, 56654.0, 56666.0, 56894.0, 57026.0, 57192.0, 57338.0, 57465.0, 57468.0, 57497.0, 57555.0, 57622.0, 57670.0, 57692.0, 57704.0, 57731.0, 57761.0, 57799.0, 57863.0, 58512.0, 58538.0, 59284.0, 60626.0, 64130.0, 64137.0, 64743.0, 64781.0, 64837.0, 64838.0, 65078.0, 65268.0, 66004.0, 78999.0, 79414.0, 79581.0, 79837.0, 79932.0, 79953.0, 80023.0, 80308.0, 80325.0, 80331.0, 80727.0, 80758.0, 80772.0, 81619.0, 83692.0, 83873.0, 84063.0, 84258.0, 84364.0, 84435.0, 84443.0, 84502.0, 84628.0, 84687.0, 84889.0, 84894.0, 84895.0, 85358.0, 85409.0, 85455.0, 85456.0, 90249.0, 90668.0, 90809.0, 91433.0, 91663.0, 91782.0, 93185.0, 94030.0, 94233.0, 112476.0, 112755.0, 114784.0, 114814.0, 115098.0, 115827.0, 116225.0, 116841.0, 120776.0, 121665.0, 124583.0, 124925.0, 124935.0, 125111.0, 130074.0, 136227.0, 140679.0, 140885.0, 145567.0, 146760.0, 148252.0, 153090.0, 164312.0, 169714.0, 192683.0, 196500.0, 221477.0, 255057.0, 282679.0, 285613.0, 286046.0, 326624.0, 338692.0, 344838.0, 349667.0, 375323.0, 375704.0, 376267.0, 387509.0, 387804.0, 389813.0, 399473.0, 401647.0, 503542.0, 100507050.0 
GO:0015630 CC 8.89e-04 32/1950   172/18979 D06 microtubule cytoskeleton                 402.0, 1155.0, 1639.0, 2597.0, 3619.0, 4137.0, 5127.0, 5413.0, 5518.0, 6709.0, 7277.0, 7280.0, 9927.0, 10011.0, 10120.0, 10121.0, 10300.0, 10376.0, 10381.0, 10382.0, 10982.0, 11188.0, 11261.0, 23281.0, 27175.0, 55964.0, 57787.0, 84861.0, 89927.0, 90120.0, 203068.0, 256714.0 
GO:0030123 CC 1.01e-03  5/1950     9/18979 D04 AP-3 adaptor complex                     8120.0, 8943.0, 10239.0, 23339.0, 57617.0 
GO:0019005 CC 1.04e-03 15/1950    61/18979 D06 SCF ubiquitin ligase complex             899.0, 8945.0, 26232.0, 26270.0, 54455.0, 54461.0, 54620.0, 55101.0, 79176.0, 79791.0, 80028.0, 84961.0, 93611.0, 144699.0, 146330.0 
GO:0032809 CC 1.05e-03  9/1950    27/18979 D03 neuronal cell body membrane              478.0, 491.0, 3748.0, 3749.0, 7070.0, 9498.0, 57463.0, 90249.0, 153090.0 
GO:0005739 CC 1.08e-03 169/1950  1300/18979 D05 mitochondrion                            16.0, 31.0, 50.0, 291.0, 402.0, 513.0, 572.0, 823.0, 1152.0, 1159.0, 1352.0, 1384.0, 1408.0, 1431.0, 1565.0, 1727.0, 1742.0, 2011.0, 2021.0, 2931.0, 2932.0, 3029.0, 3035.0, 3098.0, 3607.0, 3954.0, 4137.0, 4191.0, 4358.0, 4705.0, 4817.0, 4836.0, 4842.0, 4913.0, 5071.0, 5164.0, 5428.0, 5447.0, 5518.0, 5566.0, 5595.0, 5605.0, 5831.0, 6182.0, 6256.0, 6548.0, 6714.0, 6812.0, 6821.0, 7317.0, 7390.0, 8192.0, 8508.0, 8604.0, 8799.0, 9093.0, 9158.0, 9238.0, 9256.0, 9361.0, 9673.0, 9727.0, 9751.0, 9927.0, 10058.0, 10075.0, 10131.0, 10295.0, 10367.0, 10400.0, 10452.0, 10469.0, 10531.0, 10573.0, 10849.0, 10873.0, 10948.0, 11022.0, 11332.0, 11334.0, 22906.0, 22907.0, 23151.0, 23409.0, 23410.0, 23761.0, 23770.0, 23787.0, 25828.0, 25830.0, 25953.0, 26024.0, 26056.0, 26073.0, 26284.0, 26995.0, 27349.0, 27429.0, 28964.0, 51069.0, 51073.0, 51102.0, 51116.0, 51286.0, 51295.0, 51754.0, 53349.0, 54471.0, 54938.0, 55154.0, 55210.0, 55245.0, 55260.0, 55316.0, 55361.0, 55527.0, 55572.0, 55735.0, 56181.0, 56848.0, 60314.0, 60386.0, 60528.0, 64837.0, 64949.0, 64963.0, 64978.0, 65009.0, 65018.0, 65083.0, 65990.0, 65993.0, 79064.0, 79065.0, 79680.0, 79922.0, 80142.0, 80207.0, 80324.0, 80331.0, 81855.0, 83605.0, 83636.0, 83667.0, 84649.0, 84769.0, 84971.0, 92609.0, 94097.0, 112812.0, 114789.0, 116447.0, 124045.0, 124454.0, 124995.0, 125170.0, 126129.0, 128308.0, 128989.0, 148022.0, 192111.0, 201164.0, 284106.0, 284427.0, 284439.0, 285367.0, 339983.0, 548596.0, 728489.0 
GO:0097457 CC 1.08e-03  3/1950     3/18979 D07 hippocampal mossy fiber                  4131.0, 7781.0, 9498.0 
GO:0099012 CC 1.08e-03  3/1950     3/18979 D08 neuronal dense core vesicle membrane     6860.0, 6861.0, 8618.0 
GO:0016533 CC 1.08e-03  3/1950     3/18979 D07 protein kinase 5 complex                 1020.0, 8851.0, 8941.0 
GO:0005945 CC 1.08e-03  3/1950     3/18979 D05 6-phosphofructokinase complex            5211.0, 5213.0, 5214.0 
GO:0045202 CC 1.14e-03 65/1950   424/18979 D03 synapse                                  43.0, 134.0, 322.0, 351.0, 478.0, 547.0, 726.0, 782.0, 784.0, 1128.0, 1131.0, 1132.0, 1139.0, 1141.0, 1463.0, 1742.0, 1917.0, 1960.0, 2782.0, 2817.0, 2902.0, 3061.0, 3362.0, 3749.0, 3785.0, 3786.0, 4130.0, 4131.0, 4524.0, 4842.0, 4882.0, 5798.0, 5799.0, 6327.0, 6534.0, 6543.0, 6553.0, 6844.0, 6860.0, 8497.0, 8514.0, 9463.0, 9479.0, 9762.0, 10675.0, 22859.0, 23057.0, 23551.0, 28964.0, 29993.0, 54413.0, 55201.0, 57468.0, 57555.0, 57596.0, 63827.0, 64130.0, 64506.0, 66004.0, 91978.0, 93145.0, 116225.0, 128308.0, 221692.0, 404037.0 
GO:0005794 CC 1.45e-03 132/1950   986/18979 D05 Golgi apparatus                          41.0, 43.0, 109.0, 162.0, 320.0, 351.0, 381.0, 402.0, 412.0, 478.0, 535.0, 738.0, 955.0, 1174.0, 1183.0, 1453.0, 2048.0, 2132.0, 2134.0, 2137.0, 2194.0, 2245.0, 2583.0, 2629.0, 2664.0, 2734.0, 2801.0, 2802.0, 2885.0, 2907.0, 3064.0, 3265.0, 4035.0, 4905.0, 4924.0, 5071.0, 5138.0, 5298.0, 5595.0, 5605.0, 5664.0, 5798.0, 5886.0, 6811.0, 6853.0, 7425.0, 8120.0, 8703.0, 8704.0, 8729.0, 8841.0, 8943.0, 9092.0, 9382.0, 9435.0, 9463.0, 9777.0, 9820.0, 10046.0, 10058.0, 10239.0, 10313.0, 10422.0, 10423.0, 10458.0, 10494.0, 10567.0, 10612.0, 10618.0, 10675.0, 11041.0, 11237.0, 11253.0, 11285.0, 11336.0, 22937.0, 23017.0, 23057.0, 23163.0, 23299.0, 23563.0, 25837.0, 26047.0, 26056.0, 26229.0, 26276.0, 29099.0, 50614.0, 50861.0, 51560.0, 51617.0, 51761.0, 53349.0, 54814.0, 54890.0, 55275.0, 55625.0, 55690.0, 57192.0, 57410.0, 57414.0, 57799.0, 63941.0, 79039.0, 79065.0, 79147.0, 79567.0, 79932.0, 79939.0, 79969.0, 80331.0, 80772.0, 81876.0, 84243.0, 84364.0, 84871.0, 85019.0, 90522.0, 112703.0, 121665.0, 124583.0, 126792.0, 128989.0, 136227.0, 149175.0, 169714.0, 201164.0, 222865.0, 254359.0, 283358.0, 326624.0, 728661.0 
GO:1904115 CC 1.48e-03 15/1950    63/18979 D06 axon cytoplasm                           547.0, 1778.0, 4130.0, 4137.0, 5905.0, 7014.0, 7345.0, 8120.0, 8943.0, 10239.0, 22906.0, 23162.0, 50632.0, 80128.0, 84871.0 
GO:0005576 CC 1.98e-04 97/1950  1318/18979 D02 extracellular region                     43.0, 87.0, 226.0, 230.0, 351.0, 823.0, 955.0, 1408.0, 1460.0, 1463.0, 1727.0, 1778.0, 2047.0, 2048.0, 2049.0, 2161.0, 2797.0, 2817.0, 2821.0, 3083.0, 3263.0, 3614.0, 3623.0, 4137.0, 4326.0, 4353.0, 4878.0, 4978.0, 5045.0, 5155.0, 5199.0, 5211.0, 5605.0, 5623.0, 5646.0, 5709.0, 5834.0, 5950.0, 6320.0, 6324.0, 6376.0, 6709.0, 7059.0, 7070.0, 7277.0, 7448.0, 8372.0, 8425.0, 8718.0, 9542.0, 9806.0, 10075.0, 10120.0, 10522.0, 10525.0, 10669.0, 10675.0, 22883.0, 23659.0, 23780.0, 27006.0, 28988.0, 29099.0, 50509.0, 51162.0, 51337.0, 51378.0, 54472.0, 54749.0, 57143.0, 58485.0, 63827.0, 79154.0, 79169.0, 80142.0, 80326.0, 81577.0, 83546.0, 84439.0, 84628.0, 93145.0, 114898.0, 115950.0, 124583.0, 128240.0, 136227.0, 136853.0, 146433.0, 146760.0, 196463.0, 203068.0, 221223.0, 349667.0, 375704.0, 402665.0, 503542.0, 653247.0 
GO:0022626 CC 4.47e-04  0/1950    76/18979 D06 cytosolic ribosome                        
GO:0005615 CC 7.66e-04 82/1950  1113/18979 D02 extracellular space                      21.0, 43.0, 87.0, 226.0, 351.0, 575.0, 955.0, 1072.0, 1152.0, 1463.0, 2161.0, 2170.0, 2550.0, 2783.0, 2794.0, 2797.0, 2817.0, 3083.0, 3263.0, 3623.0, 3887.0, 4353.0, 4681.0, 4878.0, 4924.0, 5126.0, 5155.0, 5199.0, 5623.0, 5646.0, 5950.0, 6320.0, 6376.0, 6585.0, 6597.0, 6609.0, 6712.0, 7425.0, 7448.0, 8425.0, 8482.0, 8646.0, 9110.0, 9542.0, 10313.0, 10446.0, 10501.0, 10637.0, 23640.0, 23659.0, 27006.0, 27344.0, 50509.0, 51162.0, 51378.0, 54976.0, 57643.0, 57727.0, 63827.0, 64131.0, 64838.0, 79147.0, 80326.0, 84894.0, 85236.0, 93145.0, 114794.0, 114900.0, 128240.0, 146433.0, 146760.0, 169714.0, 349667.0, 392617.0, 404037.0, 441381.0, 442915.0, 574038.0, 645191.0, 693121.0, 100532736.0, 125316803.0 
GO:0005515 MF 5.12e-27 1358/1950 11089/18979 D02 protein binding                          29.0, 31.0, 41.0, 43.0, 53.0, 87.0, 91.0, 103.0, 112.0, 118.0, 134.0, 152.0, 156.0, 160.0, 161.0, 162.0, 166.0, 226.0, 230.0, 246.0, 271.0, 273.0, 291.0, 311.0, 314.0, 320.0, 321.0, 322.0, 326.0, 351.0, 377.0, 381.0, 396.0, 398.0, 402.0, 408.0, 435.0, 478.0, 491.0, 513.0, 526.0, 527.0, 534.0, 535.0, 537.0, 547.0, 570.0, 572.0, 575.0, 576.0, 607.0, 613.0, 705.0, 738.0, 747.0, 752.0, 782.0, 784.0, 808.0, 823.0, 826.0, 863.0, 896.0, 898.0, 899.0, 997.0, 1020.0, 1025.0, 1032.0, 1072.0, 1107.0, 1128.0, 1131.0, 1139.0, 1141.0, 1152.0, 1155.0, 1159.0, 1173.0, 1175.0, 1183.0, 1209.0, 1212.0, 1271.0, 1397.0, 1400.0, 1408.0, 1415.0, 1417.0, 1453.0, 1455.0, 1460.0, 1487.0, 1501.0, 1609.0, 1613.0, 1616.0, 1620.0, 1628.0, 1639.0, 1659.0, 1727.0, 1742.0, 1759.0, 1778.0, 1802.0, 1813.0, 1819.0, 1840.0, 1845.0, 1861.0, 1917.0, 1944.0, 1951.0, 1954.0, 1961.0, 1994.0, 2010.0, 2011.0, 2016.0, 2021.0, 2036.0, 2039.0, 2047.0, 2048.0, 2049.0, 2067.0, 2068.0, 2071.0, 2132.0, 2134.0, 2137.0, 2161.0, 2170.0, 2193.0, 2194.0, 2319.0, 2475.0, 2550.0, 2597.0, 2629.0, 2664.0, 2686.0, 2775.0, 2778.0, 2781.0, 2782.0, 2783.0, 2784.0, 2785.0, 2788.0, 2801.0, 2802.0, 2812.0, 2817.0, 2821.0, 2826.0, 2827.0, 2870.0, 2873.0, 2885.0, 2902.0, 2905.0, 2907.0, 2931.0, 2932.0, 2937.0, 2962.0, 2968.0, 3029.0, 3049.0, 3054.0, 3064.0, 3083.0, 3098.0, 3159.0, 3163.0, 3263.0, 3265.0, 3362.0, 3508.0, 3607.0, 3619.0, 3623.0, 3631.0, 3632.0, 3654.0, 3667.0, 3675.0, 3714.0, 3749.0, 3754.0, 3757.0, 3761.0, 3767.0, 3785.0, 3786.0, 3795.0, 3797.0, 3831.0, 3835.0, 3887.0, 3897.0, 3927.0, 3954.0, 4004.0, 4035.0, 4097.0, 4130.0, 4131.0, 4135.0, 4137.0, 4145.0, 4150.0, 4152.0, 4209.0, 4221.0, 4248.0, 4293.0, 4294.0, 4335.0, 4350.0, 4353.0, 4355.0, 4435.0, 4486.0, 4628.0, 4665.0, 4681.0, 4692.0, 4744.0, 4794.0, 4798.0, 4807.0, 4809.0, 4832.0, 4836.0, 4839.0, 4842.0, 4878.0, 4882.0, 4905.0, 4913.0, 4924.0, 4943.0, 4968.0, 4978.0, 4987.0, 5002.0, 5045.0, 5050.0, 5064.0, 5071.0, 5081.0, 5089.0, 5119.0, 5126.0, 5127.0, 5138.0, 5141.0, 5155.0, 5164.0, 5170.0, 5195.0, 5199.0, 5201.0, 5211.0, 5213.0, 5214.0, 5261.0, 5293.0, 5296.0, 5297.0, 5298.0, 5300.0, 5306.0, 5362.0, 5372.0, 5413.0, 5428.0, 5430.0, 5434.0, 5438.0, 5447.0, 5463.0, 5496.0, 5499.0, 5518.0, 5522.0, 5524.0, 5526.0, 5528.0, 5536.0, 5546.0, 5566.0, 5575.0, 5590.0, 5595.0, 5605.0, 5646.0, 5662.0, 5664.0, 5690.0, 5709.0, 5714.0, 5798.0, 5802.0, 5831.0, 5833.0, 5834.0, 5864.0, 5869.0, 5875.0, 5881.0, 5886.0, 5905.0, 5914.0, 5936.0, 5950.0, 6015.0, 6046.0, 6047.0, 6182.0, 6253.0, 6256.0, 6257.0, 6301.0, 6320.0, 6324.0, 6330.0, 6376.0, 6455.0, 6456.0, 6499.0, 6508.0, 6548.0, 6553.0, 6580.0, 6585.0, 6597.0, 6598.0, 6602.0, 6609.0, 6616.0, 6624.0, 6638.0, 6709.0, 6710.0, 6714.0, 6721.0, 6722.0, 6723.0, 6730.0, 6811.0, 6812.0, 6821.0, 6829.0, 6830.0, 6839.0, 6844.0, 6853.0, 6855.0, 6860.0, 6865.0, 6869.0, 6878.0, 6881.0, 6892.0, 6903.0, 6904.0, 6919.0, 6942.0, 6944.0, 6992.0, 7008.0, 7014.0, 7016.0, 7059.0, 7064.0, 7067.0, 7070.0, 7086.0, 7102.0, 7204.0, 7216.0, 7260.0, 7277.0, 7280.0, 7283.0, 7290.0, 7293.0, 7317.0, 7329.0, 7332.0, 7335.0, 7343.0, 7345.0, 7407.0, 7448.0, 7464.0, 7466.0, 7532.0, 7533.0, 7554.0, 7732.0, 7776.0, 7781.0, 7862.0, 7916.0, 7917.0, 7920.0, 8045.0, 8078.0, 8079.0, 8085.0, 8192.0, 8220.0, 8237.0, 8242.0, 8260.0, 8263.0, 8266.0, 8314.0, 8372.0, 8408.0, 8425.0, 8482.0, 8497.0, 8498.0, 8506.0, 8508.0, 8514.0, 8517.0, 8525.0, 8534.0, 8535.0, 8536.0, 8541.0, 8558.0, 8563.0, 8567.0, 8568.0, 8570.0, 8604.0, 8618.0, 8623.0, 8636.0, 8646.0, 8721.0, 8729.0, 8775.0, 8799.0, 8816.0, 8818.0, 8841.0, 8851.0, 8861.0, 8864.0, 8904.0, 8907.0, 8911.0, 8912.0, 8924.0, 8927.0, 8943.0, 8945.0, 9024.0, 9028.0, 9040.0, 9049.0, 9092.0, 9093.0, 9100.0, 9110.0, 9114.0, 9136.0, 9145.0, 9149.0, 9191.0, 9203.0, 9229.0, 9238.0, 9240.0, 9253.0, 9256.0, 9265.0, 9275.0, 9278.0, 9296.0, 9343.0, 9344.0, 9355.0, 9361.0, 9382.0, 9392.0, 9394.0, 9399.0, 9401.0, 9409.0, 9441.0, 9463.0, 9479.0, 9491.0, 9500.0, 9513.0, 9568.0, 9572.0, 9577.0, 9612.0, 9632.0, 9645.0, 9672.0, 9675.0, 9682.0, 9684.0, 9701.0, 9711.0, 9727.0, 9746.0, 9751.0, 9755.0, 9758.0, 9777.0, 9806.0, 9807.0, 9810.0, 9811.0, 9820.0, 9825.0, 9826.0, 9827.0, 9853.0, 9854.0, 9858.0, 9862.0, 9870.0, 9883.0, 9887.0, 9892.0, 9898.0, 9899.0, 9901.0, 9914.0, 9921.0, 9927.0, 9980.0, 10005.0, 10011.0, 10025.0, 10036.0, 10043.0, 10055.0, 10075.0, 10078.0, 10079.0, 10084.0, 10113.0, 10120.0, 10121.0, 10126.0, 10131.0, 10155.0, 10193.0, 10197.0, 10204.0, 10211.0, 10248.0, 10251.0, 10262.0, 10273.0, 10280.0, 10290.0, 10291.0, 10293.0, 10295.0, 10300.0, 10307.0, 10313.0, 10322.0, 10367.0, 10376.0, 10381.0, 10382.0, 10391.0, 10409.0, 10421.0, 10422.0, 10423.0, 10445.0, 10452.0, 10458.0, 10469.0, 10474.0, 10489.0, 10494.0, 10498.0, 10501.0, 10522.0, 10523.0, 10524.0, 10525.0, 10534.0, 10540.0, 10554.0, 10567.0, 10570.0, 10573.0, 10589.0, 10594.0, 10607.0, 10612.0, 10614.0, 10618.0, 10634.0, 10641.0, 10669.0, 10675.0, 10712.0, 10811.0, 10844.0, 10856.0, 10864.0, 10868.0, 10869.0, 10898.0, 10900.0, 10904.0, 10948.0, 10980.0, 10982.0, 10998.0, 11007.0, 11021.0, 11022.0, 11041.0, 11047.0, 11091.0, 11128.0, 11140.0, 11151.0, 11178.0, 11182.0, 11188.0, 11230.0, 11237.0, 11250.0, 11261.0, 11282.0, 11285.0, 11332.0, 11334.0, 11336.0, 11338.0, 11344.0, 11346.0, 22839.0, 22848.0, 22859.0, 22870.0, 22880.0, 22883.0, 22884.0, 22888.0, 22906.0, 22907.0, 22924.0, 22937.0, 22941.0, 22980.0, 22983.0, 22992.0, 23017.0, 23031.0, 23038.0, 23054.0, 23060.0, 23125.0, 23151.0, 23162.0, 23163.0, 23164.0, 23170.0, 23178.0, 23185.0, 23201.0, 23221.0, 23246.0, 23265.0, 23270.0, 23276.0, 23281.0, 23295.0, 23299.0, 23309.0, 23315.0, 23326.0, 23339.0, 23352.0, 23367.0, 23373.0, 23380.0, 23386.0, 23396.0, 23400.0, 23409.0, 23410.0, 23416.0, 23420.0, 23457.0, 23466.0, 23476.0, 23481.0, 23542.0, 23543.0, 23552.0, 23558.0, 23567.0, 23583.0, 23616.0, 23633.0, 23640.0, 23641.0, 23646.0, 23770.0, 23780.0, 23787.0, 24144.0, 24148.0, 25803.0, 25828.0, 25830.0, 25837.0, 25851.0, 25885.0, 25920.0, 25921.0, 25953.0, 25960.0, 25977.0, 25999.0, 26000.0, 26001.0, 26007.0, 26011.0, 26017.0, 26024.0, 26038.0, 26047.0, 26053.0, 26056.0, 26063.0, 26073.0, 26094.0, 26100.0, 26121.0, 26145.0, 26155.0, 26168.0, 26229.0, 26232.0, 26240.0, 26270.0, 26276.0, 26284.0, 26523.0, 26580.0, 26993.0, 27020.0, 27043.0, 27153.0, 27156.0, 27183.0, 27232.0, 27239.0, 27242.0, 27245.0, 27304.0, 27338.0, 27339.0, 27341.0, 27351.0, 27429.0, 28955.0, 28964.0, 28988.0, 28991.0, 29070.0, 29086.0, 29099.0, 29101.0, 29844.0, 29855.0, 29888.0, 29890.0, 29903.0, 29906.0, 29907.0, 29924.0, 29928.0, 29965.0, 29970.0, 29978.0, 29993.0, 30000.0, 30815.0, 30837.0, 30845.0, 50512.0, 50628.0, 50632.0, 50649.0, 50813.0, 50855.0, 50861.0, 50944.0, 51025.0, 51070.0, 51073.0, 51078.0, 51127.0, 51154.0, 51155.0, 51160.0, 51162.0, 51172.0, 51177.0, 51246.0, 51271.0, 51282.0, 51286.0, 51291.0, 51295.0, 51307.0, 51308.0, 51310.0, 51341.0, 51393.0, 51400.0, 51428.0, 51517.0, 51550.0, 51560.0, 51586.0, 51617.0, 51619.0, 51655.0, 51665.0, 51684.0, 51690.0, 51728.0, 51754.0, 51761.0, 53349.0, 53916.0, 53917.0, 54413.0, 54434.0, 54455.0, 54458.0, 54461.0, 54471.0, 54472.0, 54512.0, 54551.0, 54555.0, 54620.0, 54663.0, 54749.0, 54784.0, 54785.0, 54870.0, 54913.0, 54938.0, 54946.0, 54958.0, 55049.0, 55108.0, 55152.0, 55154.0, 55163.0, 55201.0, 55210.0, 55222.0, 55226.0, 55231.0, 55238.0, 55245.0, 55260.0, 55262.0, 55275.0, 55295.0, 55308.0, 55317.0, 55324.0, 55337.0, 55361.0, 55379.0, 55466.0, 55527.0, 55530.0, 55585.0, 55588.0, 55611.0, 55615.0, 55633.0, 55643.0, 55658.0, 55662.0, 55670.0, 55690.0, 55697.0, 55705.0, 55715.0, 55721.0, 55735.0, 55739.0, 55809.0, 55823.0, 55844.0, 55850.0, 55859.0, 55897.0, 55929.0, 55957.0, 55964.0, 56181.0, 56257.0, 56301.0, 56654.0, 56848.0, 56850.0, 56893.0, 56894.0, 56904.0, 56915.0, 56919.0, 56926.0, 56949.0, 56980.0, 57026.0, 57062.0, 57179.0, 57184.0, 57192.0, 57332.0, 57338.0, 57407.0, 57410.0, 57418.0, 57459.0, 57460.0, 57463.0, 57465.0, 57470.0, 57473.0, 57474.0, 57521.0, 57524.0, 57591.0, 57596.0, 57617.0, 57634.0, 57662.0, 57692.0, 57727.0, 57731.0, 57732.0, 57761.0, 57787.0, 57794.0, 57805.0, 57863.0, 58485.0, 58506.0, 58512.0, 58525.0, 58538.0, 59284.0, 60314.0, 60370.0, 60626.0, 60680.0, 63827.0, 63893.0, 63925.0, 63941.0, 64061.0, 64090.0, 64130.0, 64137.0, 64210.0, 64219.0, 64223.0, 64320.0, 64506.0, 64601.0, 64744.0, 64755.0, 64777.0, 64781.0, 64837.0, 64897.0, 64963.0, 64978.0, 65009.0, 65018.0, 65055.0, 65078.0, 65083.0, 65094.0, 65123.0, 65263.0, 65264.0, 65982.0, 65990.0, 65992.0, 65999.0, 78987.0, 78999.0, 79002.0, 79004.0, 79016.0, 79035.0, 79050.0, 79065.0, 79080.0, 79089.0, 79094.0, 79096.0, 79102.0, 79137.0, 79140.0, 79143.0, 79147.0, 79169.0, 79176.0, 79177.0, 79363.0, 79446.0, 79567.0, 79575.0, 79581.0, 79622.0, 79637.0, 79650.0, 79680.0, 79697.0, 79706.0, 79734.0, 79754.0, 79760.0, 79791.0, 79798.0, 79803.0, 79831.0, 79837.0, 79847.0, 79873.0, 79897.0, 79903.0, 79922.0, 79932.0, 79939.0, 79947.0, 79953.0, 80023.0, 80097.0, 80139.0, 80142.0, 80148.0, 80153.0, 80178.0, 80212.0, 80256.0, 80308.0, 80325.0, 80331.0, 80335.0, 80347.0, 80700.0, 80742.0, 80757.0, 80758.0, 80764.0, 80775.0, 80789.0, 80790.0, 80851.0, 81557.0, 81559.0, 81566.0, 81609.0, 81619.0, 81855.0, 81873.0, 81875.0, 81876.0, 81932.0, 83442.0, 83444.0, 83541.0, 83593.0, 83605.0, 83638.0, 83658.0, 83667.0, 83692.0, 83696.0, 83743.0, 83746.0, 83855.0, 83873.0, 84063.0, 84065.0, 84148.0, 84221.0, 84254.0, 84258.0, 84262.0, 84276.0, 84277.0, 84285.0, 84289.0, 84292.0, 84310.0, 84315.0, 84337.0, 84461.0, 84464.0, 84502.0, 84516.0, 84518.0, 84557.0, 84627.0, 84628.0, 84649.0, 84656.0, 84687.0, 84717.0, 84726.0, 84759.0, 84858.0, 84861.0, 84889.0, 84892.0, 84894.0, 84895.0, 84905.0, 84934.0, 84937.0, 84954.0, 84961.0, 84964.0, 84967.0, 84968.0, 84993.0, 85019.0, 85236.0, 85358.0, 85359.0, 85369.0, 85395.0, 85409.0, 85446.0, 85453.0, 85456.0, 89792.0, 89887.0, 89927.0, 90120.0, 90379.0, 90522.0, 90580.0, 90809.0, 90956.0, 91433.0, 91663.0, 91782.0, 91869.0, 92002.0, 92609.0, 92840.0, 92856.0, 93145.0, 93185.0, 93210.0, 93611.0, 94097.0, 94233.0, 112398.0, 112476.0, 112755.0, 112812.0, 112936.0, 112939.0, 113000.0, 113130.0, 113444.0, 113452.0, 113655.0, 114088.0, 114783.0, 114818.0, 114822.0, 114898.0, 114900.0, 115196.0, 115827.0, 115950.0, 116138.0, 116225.0, 116841.0, 116986.0, 118424.0, 118490.0, 121665.0, 124044.0, 124045.0, 124245.0, 124402.0, 124583.0, 124790.0, 124801.0, 124925.0, 124935.0, 124944.0, 124995.0, 125111.0, 125170.0, 126003.0, 126129.0, 126299.0, 127281.0, 127703.0, 128240.0, 128637.0, 130557.0, 130617.0, 138311.0, 138428.0, 140459.0, 140465.0, 140730.0, 140775.0, 140809.0, 140831.0, 140901.0, 144097.0, 144347.0, 144699.0, 145567.0, 146433.0, 146691.0, 146760.0, 147965.0, 148022.0, 148252.0, 148979.0, 149345.0, 149603.0, 149986.0, 152217.0, 153090.0, 155061.0, 155382.0, 157285.0, 161145.0, 161882.0, 162427.0, 162466.0, 162540.0, 162968.0, 162989.0, 164312.0, 168544.0, 168620.0, 170394.0, 170463.0, 192111.0, 192683.0, 196403.0, 196463.0, 196500.0, 197320.0, 197342.0, 197407.0, 199720.0, 201164.0, 203068.0, 219541.0, 220359.0, 221424.0, 221477.0, 221692.0, 221908.0, 222229.0, 222865.0, 222950.0, 246330.0, 254122.0, 254359.0, 256051.0, 256281.0, 259217.0, 261734.0, 283212.0, 283237.0, 283373.0, 283450.0, 283933.0, 284338.0, 284346.0, 284352.0, 284403.0, 284439.0, 284613.0, 284716.0, 285367.0, 285613.0, 286336.0, 326624.0, 339230.0, 339344.0, 339983.0, 342977.0, 344558.0, 348180.0, 348262.0, 353497.0, 374291.0, 374928.0, 375323.0, 375791.0, 376267.0, 378884.0, 387893.0, 387923.0, 388135.0, 389119.0, 399979.0, 401647.0, 402381.0, 440400.0, 474343.0, 494470.0, 548596.0, 550643.0, 653247.0, 653319.0, 653784.0, 727800.0, 728239.0, 729438.0, 100101267.0, 100132074.0, 100532736.0, 100533183.0, 125316803.0 
GO:0044877 MF 8.21e-07 60/1950   305/18979 D02 protein-containing complex binding       1141.0, 1742.0, 1813.0, 2047.0, 2048.0, 2782.0, 2783.0, 2885.0, 2902.0, 2909.0, 3623.0, 4035.0, 4131.0, 4524.0, 4905.0, 5050.0, 5071.0, 5214.0, 5590.0, 7008.0, 7014.0, 7067.0, 8408.0, 8775.0, 8867.0, 9114.0, 9229.0, 9578.0, 9612.0, 9825.0, 9862.0, 10078.0, 10998.0, 22937.0, 23163.0, 23510.0, 23542.0, 25828.0, 26276.0, 27183.0, 28964.0, 29844.0, 29888.0, 50632.0, 50944.0, 51160.0, 55670.0, 57521.0, 58525.0, 65018.0, 65078.0, 80758.0, 83667.0, 84262.0, 85456.0, 113130.0, 153090.0, 192111.0, 192683.0, 203068.0 
GO:0050321 MF 3.15e-06 11/1950    22/18979 D06 tau-protein kinase activity              1020.0, 1453.0, 2011.0, 2931.0, 2932.0, 5261.0, 9024.0, 9344.0, 57787.0, 84446.0, 84630.0 
GO:0035255 MF 5.32e-06 12/1950    27/18979 D05 ionotropic glutamate receptor binding    1742.0, 1813.0, 2778.0, 4905.0, 8851.0, 10211.0, 22941.0, 27092.0, 50944.0, 56850.0, 85358.0, 729956.0 
GO:0005524 MF 1.87e-05 191/1950  1388/18979 D08 ATP binding                              16.0, 21.0, 31.0, 91.0, 109.0, 112.0, 156.0, 478.0, 491.0, 513.0, 526.0, 547.0, 613.0, 997.0, 1020.0, 1025.0, 1107.0, 1152.0, 1159.0, 1183.0, 1185.0, 1453.0, 1455.0, 1606.0, 1609.0, 1613.0, 1659.0, 1778.0, 1861.0, 2011.0, 2047.0, 2048.0, 2049.0, 2068.0, 2071.0, 2193.0, 2475.0, 2870.0, 2931.0, 2932.0, 2937.0, 3035.0, 3098.0, 3508.0, 3654.0, 3767.0, 3795.0, 3797.0, 3835.0, 4141.0, 4145.0, 4293.0, 4294.0, 4486.0, 4597.0, 4628.0, 4832.0, 4882.0, 4905.0, 5127.0, 5164.0, 5170.0, 5198.0, 5211.0, 5213.0, 5214.0, 5261.0, 5293.0, 5297.0, 5298.0, 5524.0, 5536.0, 5566.0, 5590.0, 5595.0, 5605.0, 6301.0, 6499.0, 6597.0, 6714.0, 6853.0, 7016.0, 7204.0, 7317.0, 7329.0, 7332.0, 7371.0, 7407.0, 8408.0, 8525.0, 8536.0, 8558.0, 8997.0, 9024.0, 9040.0, 9093.0, 9149.0, 9344.0, 9361.0, 9401.0, 9578.0, 9807.0, 9914.0, 10058.0, 10061.0, 10079.0, 10120.0, 10121.0, 10131.0, 10290.0, 10295.0, 10469.0, 10494.0, 10525.0, 10856.0, 10998.0, 11344.0, 22848.0, 22880.0, 22907.0, 22983.0, 23031.0, 23046.0, 23057.0, 23170.0, 23178.0, 23396.0, 23400.0, 23457.0, 23552.0, 26007.0, 26038.0, 27183.0, 27304.0, 27338.0, 30845.0, 51428.0, 51619.0, 51761.0, 54555.0, 54938.0, 55083.0, 55152.0, 55210.0, 55226.0, 55229.0, 55308.0, 55324.0, 55361.0, 55466.0, 55585.0, 55739.0, 56848.0, 56919.0, 57062.0, 57143.0, 57410.0, 57634.0, 57761.0, 57787.0, 63893.0, 64137.0, 64781.0, 65018.0, 65264.0, 65268.0, 79039.0, 79837.0, 80308.0, 80347.0, 80755.0, 83694.0, 84254.0, 84446.0, 84630.0, 90956.0, 90990.0, 114783.0, 116986.0, 118424.0, 124454.0, 139728.0, 140809.0, 140901.0, 259217.0, 284716.0, 317781.0, 375449.0, 388228.0, 401720.0, 548596.0 
GO:0048156 MF 6.14e-05 14/1950    43/18979 D04 tau protein binding                      1020.0, 1639.0, 2011.0, 2931.0, 2932.0, 4130.0, 5300.0, 5536.0, 9024.0, 9344.0, 10273.0, 57787.0, 84446.0, 84630.0 
GO:0061630 MF 6.99e-05 51/1950   284/18979 D07 ubiquitin protein ligase activity        1840.0, 5071.0, 6015.0, 6047.0, 6992.0, 7732.0, 8924.0, 8945.0, 9148.0, 9810.0, 9862.0, 9870.0, 9921.0, 10075.0, 10155.0, 10193.0, 10273.0, 10293.0, 10296.0, 10612.0, 23295.0, 23352.0, 26001.0, 26145.0, 26232.0, 26270.0, 27339.0, 51070.0, 51127.0, 51665.0, 55298.0, 55658.0, 55823.0, 57617.0, 63893.0, 64219.0, 64320.0, 64777.0, 79018.0, 79102.0, 81559.0, 84461.0, 84900.0, 84937.0, 93611.0, 114088.0, 246330.0, 344558.0, 378884.0, 494470.0, 727800.0 
GO:0000978 MF 5.25e-05 61/1950   935/18979 D09 RNA polymerase II cis-regulatory region sequence-specific DNA binding 351.0, 1025.0, 1628.0, 1960.0, 1961.0, 2016.0, 3159.0, 3607.0, 4097.0, 4150.0, 4209.0, 4335.0, 4692.0, 4807.0, 5081.0, 5089.0, 5463.0, 5914.0, 6256.0, 6301.0, 6721.0, 6722.0, 7008.0, 7067.0, 7554.0, 7727.0, 7776.0, 9278.0, 9355.0, 9572.0, 10856.0, 23558.0, 51341.0, 53335.0, 55897.0, 56917.0, 57474.0, 58525.0, 63925.0, 63977.0, 64763.0, 65982.0, 79759.0, 83482.0, 83855.0, 84905.0, 85446.0, 89887.0, 112939.0, 115509.0, 148979.0, 155061.0, 162968.0, 168544.0, 197407.0, 256051.0, 284346.0, 339344.0, 374928.0, 388569.0, 100132074.0 
