GO:0000398 BP 8.79e-17  34/614   182/18979 D11 mRNA splicing, via spliceosome           3178.0, 3189.0, 3192.0, 3550.0, 4670.0, 5411.0, 6428.0, 6431.0, 6434.0, 6936.0, 8899.0, 9410.0, 9716.0, 9879.0, 10236.0, 10492.0, 10772.0, 11157.0, 22938.0, 23398.0, 23451.0, 23517.0, 25949.0, 27316.0, 29896.0, 51163.0, 51691.0, 55110.0, 55285.0, 55660.0, 57721.0, 91746.0, 118924.0, 143884.0 
GO:0008380 BP 7.82e-13  28/614   167/18979 D08 RNA splicing                             3189.0, 6421.0, 8899.0, 9295.0, 9360.0, 9406.0, 9410.0, 9584.0, 9589.0, 9984.0, 10492.0, 11157.0, 23435.0, 23451.0, 25962.0, 27332.0, 51574.0, 51747.0, 55110.0, 55119.0, 57187.0, 84081.0, 140890.0, 151987.0, 154007.0, 284695.0, 285672.0, 494115.0 
GO:0006397 BP 1.29e-10  25/614   165/18979 D08 mRNA processing                          5930.0, 6421.0, 9295.0, 9406.0, 9584.0, 9589.0, 9984.0, 10236.0, 10285.0, 22803.0, 23435.0, 25962.0, 51574.0, 54439.0, 55119.0, 57187.0, 83448.0, 84081.0, 140890.0, 151987.0, 154007.0, 246175.0, 284695.0, 285672.0, 494115.0 
GO:0045943 BP 1.99e-08   9/614    23/18979 D11 positive regulation of transcription by RNA polymerase I 7913.0, 8467.0, 9031.0, 9188.0, 9451.0, 23160.0, 23451.0, 55127.0, 55646.0 
GO:0006974 BP 5.80e-07  26/614   266/18979 D04 DNA damage response                      580.0, 1106.0, 4361.0, 5930.0, 7189.0, 7486.0, 9031.0, 10210.0, 10600.0, 11011.0, 23064.0, 23411.0, 23517.0, 25836.0, 26271.0, 51426.0, 54465.0, 55031.0, 55183.0, 55602.0, 55671.0, 57223.0, 79677.0, 83932.0, 221443.0, 254394.0 
GO:0051301 BP 5.99e-07  30/614   337/18979 D02 cell division                            382.0, 905.0, 1070.0, 3192.0, 3832.0, 4750.0, 5885.0, 7175.0, 7756.0, 7813.0, 8881.0, 9126.0, 10051.0, 10274.0, 10600.0, 23063.0, 23244.0, 26271.0, 54801.0, 54962.0, 55660.0, 57695.0, 79003.0, 85444.0, 115106.0, 163859.0, 246184.0, 286053.0, 348235.0, 348995.0 
GO:0045945 BP 1.49e-05   6/614    18/18979 D11 positive regulation of transcription by RNA polymerase III 7702.0, 7913.0, 8467.0, 9031.0, 9188.0, 23451.0 
GO:1990116 BP 1.55e-05   4/614     6/18979 D10 ribosome-associated ubiquitin-dependent protein catabolic process 9147.0, 9325.0, 10973.0, 26046.0 
GO:0006281 BP 2.92e-05  21/614   236/18979 D07 DNA repair                               571.0, 580.0, 2072.0, 4361.0, 4869.0, 5965.0, 5981.0, 7398.0, 7507.0, 8467.0, 9126.0, 11201.0, 23244.0, 23376.0, 25842.0, 51111.0, 51426.0, 54465.0, 55183.0, 56647.0, 133746.0 
GO:0034087 BP 3.51e-05   4/614     7/18979 D04 establishment of mitotic sister chromatid cohesion 5885.0, 9126.0, 10274.0, 25836.0 
GO:0005634 CC 8.11e-36 301/614  4912/18979 D05 nucleus                                  102.0, 178.0, 329.0, 571.0, 580.0, 642.0, 648.0, 689.0, 902.0, 905.0, 1106.0, 1207.0, 1385.0, 1654.0, 1876.0, 1998.0, 2072.0, 2495.0, 3146.0, 3148.0, 3151.0, 3178.0, 3189.0, 3192.0, 3550.0, 3832.0, 4087.0, 4361.0, 4670.0, 4750.0, 4848.0, 4869.0, 4999.0, 5495.0, 5782.0, 5885.0, 5928.0, 5930.0, 5965.0, 5981.0, 6322.0, 6421.0, 6434.0, 6451.0, 6477.0, 6498.0, 6605.0, 6670.0, 6729.0, 6873.0, 6917.0, 6936.0, 7073.0, 7110.0, 7112.0, 7175.0, 7189.0, 7398.0, 7486.0, 7507.0, 7514.0, 7559.0, 7570.0, 7581.0, 7594.0, 7675.0, 7695.0, 7699.0, 7705.0, 7756.0, 7767.0, 7768.0, 7769.0, 7770.0, 7771.0, 7773.0, 7813.0, 7913.0, 8087.0, 8202.0, 8301.0, 8467.0, 8690.0, 8725.0, 8819.0, 8899.0, 9031.0, 9039.0, 9101.0, 9126.0, 9147.0, 9205.0, 9252.0, 9255.0, 9295.0, 9325.0, 9360.0, 9410.0, 9440.0, 9589.0, 9716.0, 9736.0, 9801.0, 9849.0, 9857.0, 9879.0, 9984.0, 10051.0, 10153.0, 10210.0, 10236.0, 10260.0, 10274.0, 10285.0, 10308.0, 10443.0, 10464.0, 10492.0, 10513.0, 10541.0, 10600.0, 10772.0, 10773.0, 10795.0, 10973.0, 11011.0, 11059.0, 11157.0, 11340.0, 22803.0, 22894.0, 22938.0, 23063.0, 23064.0, 23244.0, 23304.0, 23350.0, 23376.0, 23411.0, 23435.0, 23451.0, 23469.0, 23473.0, 23512.0, 23517.0, 25836.0, 25842.0, 25904.0, 25949.0, 25962.0, 26036.0, 26043.0, 26135.0, 26224.0, 26271.0, 27030.0, 27250.0, 27316.0, 27332.0, 29117.0, 29843.0, 29889.0, 29896.0, 29915.0, 50809.0, 51002.0, 51068.0, 51105.0, 51111.0, 51163.0, 51426.0, 51444.0, 51574.0, 51691.0, 51710.0, 51742.0, 51747.0, 54165.0, 54439.0, 54464.0, 54494.0, 54556.0, 54665.0, 54680.0, 54816.0, 54823.0, 54851.0, 54962.0, 55023.0, 55031.0, 55093.0, 55110.0, 55166.0, 55183.0, 55193.0, 55196.0, 55279.0, 55325.0, 55629.0, 55632.0, 55646.0, 55656.0, 55749.0, 55900.0, 56254.0, 56647.0, 56916.0, 57002.0, 57337.0, 57396.0, 57590.0, 57684.0, 57695.0, 57708.0, 57721.0, 57763.0, 57786.0, 58490.0, 58533.0, 60313.0, 64376.0, 64844.0, 64863.0, 79003.0, 79027.0, 79074.0, 79366.0, 79577.0, 79612.0, 79677.0, 79745.0, 79768.0, 79811.0, 79912.0, 80110.0, 80155.0, 80314.0, 81550.0, 81556.0, 81611.0, 81627.0, 83448.0, 83591.0, 83594.0, 83932.0, 84081.0, 84124.0, 84146.0, 84196.0, 84295.0, 84333.0, 84437.0, 90321.0, 90390.0, 90592.0, 90649.0, 91151.0, 91664.0, 91746.0, 92140.0, 92912.0, 96764.0, 113510.0, 114799.0, 115426.0, 117608.0, 118924.0, 127396.0, 129831.0, 133746.0, 150275.0, 151987.0, 153222.0, 153443.0, 163049.0, 163050.0, 163859.0, 168451.0, 168850.0, 196441.0, 199692.0, 201973.0, 203228.0, 221264.0, 222194.0, 246175.0, 253430.0, 254065.0, 254251.0, 254394.0, 284695.0, 285237.0, 285381.0, 286053.0, 339318.0, 339745.0, 345462.0, 374900.0, 388536.0, 642659.0, 643836.0 
GO:0005654 CC 1.24e-34 248/614  3663/18979 D02 nucleoplasm                              571.0, 580.0, 648.0, 902.0, 905.0, 1207.0, 1385.0, 1654.0, 1876.0, 1998.0, 2072.0, 2803.0, 3146.0, 3148.0, 3178.0, 3189.0, 3192.0, 3550.0, 4077.0, 4087.0, 4361.0, 4670.0, 4750.0, 4848.0, 4869.0, 4999.0, 5108.0, 5411.0, 5558.0, 5782.0, 5885.0, 5928.0, 5965.0, 5981.0, 6198.0, 6421.0, 6428.0, 6431.0, 6434.0, 6498.0, 6605.0, 6670.0, 6873.0, 6917.0, 6936.0, 7073.0, 7174.0, 7175.0, 7181.0, 7398.0, 7486.0, 7507.0, 7514.0, 7559.0, 7570.0, 7596.0, 7702.0, 7756.0, 7767.0, 7913.0, 8202.0, 8467.0, 8504.0, 8661.0, 8725.0, 8819.0, 8881.0, 8899.0, 9015.0, 9031.0, 9044.0, 9126.0, 9188.0, 9252.0, 9295.0, 9325.0, 9330.0, 9360.0, 9406.0, 9410.0, 9440.0, 9584.0, 9589.0, 9716.0, 9879.0, 9897.0, 9984.0, 10051.0, 10137.0, 10171.0, 10210.0, 10236.0, 10254.0, 10274.0, 10285.0, 10329.0, 10492.0, 10513.0, 10541.0, 10557.0, 10600.0, 10668.0, 10772.0, 10773.0, 10845.0, 10973.0, 11011.0, 11056.0, 11157.0, 11201.0, 11340.0, 22803.0, 22832.0, 22894.0, 22938.0, 23063.0, 23064.0, 23160.0, 23244.0, 23272.0, 23350.0, 23398.0, 23411.0, 23435.0, 23451.0, 23512.0, 23517.0, 25836.0, 25842.0, 25913.0, 25949.0, 25957.0, 25962.0, 25983.0, 25998.0, 26043.0, 26271.0, 27030.0, 27316.0, 27332.0, 27340.0, 27347.0, 29080.0, 29117.0, 29843.0, 29896.0, 29915.0, 51068.0, 51111.0, 51163.0, 51426.0, 51455.0, 51496.0, 51542.0, 51562.0, 51574.0, 51575.0, 51585.0, 51667.0, 51691.0, 51742.0, 51747.0, 54165.0, 54465.0, 54556.0, 54629.0, 54906.0, 54962.0, 55012.0, 55031.0, 55082.0, 55110.0, 55127.0, 55164.0, 55166.0, 55183.0, 55193.0, 55602.0, 55629.0, 55646.0, 55656.0, 55660.0, 55671.0, 55749.0, 55892.0, 56254.0, 56647.0, 56916.0, 57187.0, 57223.0, 57695.0, 57708.0, 57721.0, 57786.0, 58490.0, 63920.0, 64318.0, 79074.0, 79366.0, 79577.0, 79670.0, 79677.0, 79692.0, 79768.0, 79811.0, 80067.0, 80314.0, 81550.0, 81556.0, 83932.0, 84081.0, 84196.0, 84295.0, 84333.0, 84991.0, 90390.0, 91452.0, 91746.0, 92344.0, 96764.0, 112495.0, 114799.0, 115426.0, 129401.0, 129831.0, 133746.0, 137492.0, 140890.0, 143884.0, 151987.0, 153222.0, 154007.0, 163859.0, 168451.0, 201931.0, 202018.0, 221037.0, 221264.0, 221443.0, 246184.0, 253430.0, 284695.0, 285381.0, 285636.0, 286053.0, 339324.0, 348995.0, 389677.0 
GO:0016607 CC 1.41e-14  47/614   397/18979 D03 nuclear speck                            580.0, 3192.0, 3550.0, 5411.0, 5930.0, 6421.0, 6428.0, 6431.0, 6729.0, 7486.0, 8899.0, 9295.0, 9360.0, 9410.0, 9584.0, 9589.0, 9879.0, 9984.0, 10051.0, 10210.0, 10285.0, 10772.0, 10973.0, 11201.0, 22938.0, 23451.0, 23517.0, 25949.0, 25957.0, 25962.0, 27332.0, 50809.0, 51747.0, 54439.0, 55660.0, 55671.0, 57187.0, 57223.0, 64318.0, 79677.0, 83932.0, 84081.0, 91746.0, 140890.0, 143684.0, 163859.0, 348995.0 
GO:0071013 CC 1.40e-08  16/614    86/18979 D04 catalytic step 2 spliceosome             3178.0, 3192.0, 4670.0, 5411.0, 8899.0, 9410.0, 9716.0, 10236.0, 10492.0, 22938.0, 23398.0, 23451.0, 23517.0, 25949.0, 27316.0, 55110.0 
GO:0005730 CC 1.65e-07  64/614   997/18979 D05 nucleolus                                1070.0, 3148.0, 4670.0, 4869.0, 5495.0, 5930.0, 5981.0, 6917.0, 6936.0, 7486.0, 7514.0, 7705.0, 7756.0, 7913.0, 8087.0, 8467.0, 8661.0, 8886.0, 9031.0, 9188.0, 10171.0, 10240.0, 10541.0, 10557.0, 11056.0, 11157.0, 11340.0, 22803.0, 23064.0, 23160.0, 23318.0, 23411.0, 23451.0, 23512.0, 23517.0, 25917.0, 25983.0, 27340.0, 29889.0, 29896.0, 51068.0, 51406.0, 51562.0, 51575.0, 51667.0, 54463.0, 55035.0, 55127.0, 55602.0, 55632.0, 55646.0, 56254.0, 57590.0, 64318.0, 79027.0, 79768.0, 80067.0, 83591.0, 84295.0, 84298.0, 92344.0, 96764.0, 134218.0, 221443.0 
GO:0110016 CC 6.94e-07   5/614     7/18979 D05 B-WICH complex                           7913.0, 8467.0, 9031.0, 9188.0, 23451.0 
GO:0005829 CC 8.72e-07 215/614  4965/18979 D02 cytosol                                  178.0, 262.0, 329.0, 382.0, 571.0, 642.0, 648.0, 689.0, 829.0, 905.0, 1207.0, 1615.0, 1654.0, 1998.0, 2495.0, 2618.0, 2803.0, 3178.0, 3192.0, 3437.0, 3799.0, 3832.0, 4077.0, 4087.0, 4361.0, 4750.0, 4848.0, 4869.0, 4893.0, 5082.0, 5108.0, 5189.0, 5358.0, 5495.0, 5756.0, 5782.0, 5825.0, 5876.0, 5885.0, 5906.0, 5928.0, 5930.0, 6198.0, 6421.0, 6451.0, 6477.0, 6655.0, 6670.0, 6729.0, 6814.0, 6868.0, 6936.0, 7073.0, 7110.0, 7174.0, 7189.0, 7326.0, 7398.0, 7514.0, 7705.0, 7813.0, 8087.0, 8202.0, 8301.0, 8540.0, 8661.0, 8725.0, 8767.0, 8780.0, 8881.0, 9039.0, 9101.0, 9126.0, 9147.0, 9188.0, 9255.0, 9325.0, 9360.0, 9410.0, 9451.0, 9662.0, 9669.0, 9736.0, 9748.0, 9897.0, 10015.0, 10051.0, 10254.0, 10260.0, 10274.0, 10492.0, 10693.0, 10772.0, 10795.0, 10845.0, 10973.0, 10988.0, 11059.0, 11157.0, 11340.0, 22796.0, 22832.0, 22894.0, 23011.0, 23012.0, 23063.0, 23165.0, 23190.0, 23244.0, 23304.0, 23317.0, 23318.0, 23376.0, 23411.0, 23473.0, 23586.0, 25836.0, 25904.0, 25917.0, 25957.0, 25962.0, 25963.0, 26043.0, 26046.0, 26058.0, 26130.0, 26135.0, 26224.0, 26234.0, 26271.0, 26272.0, 27250.0, 27347.0, 29117.0, 29915.0, 51002.0, 51074.0, 51542.0, 51562.0, 51574.0, 51667.0, 51742.0, 54165.0, 54464.0, 54465.0, 54801.0, 54832.0, 54906.0, 55012.0, 55014.0, 55031.0, 55082.0, 55093.0, 55110.0, 55164.0, 55166.0, 55236.0, 55432.0, 55573.0, 55614.0, 55629.0, 55632.0, 55671.0, 55773.0, 55862.0, 56647.0, 57122.0, 57590.0, 57695.0, 57763.0, 57826.0, 58533.0, 64422.0, 64844.0, 64863.0, 79003.0, 79577.0, 79612.0, 79631.0, 79670.0, 79692.0, 80018.0, 80067.0, 80143.0, 80155.0, 80321.0, 81550.0, 83548.0, 84131.0, 84196.0, 91452.0, 92344.0, 92912.0, 96459.0, 96764.0, 114876.0, 115106.0, 129401.0, 134218.0, 137492.0, 154007.0, 163859.0, 200576.0, 201627.0, 202018.0, 203228.0, 221264.0, 246175.0, 246184.0, 285331.0, 285381.0, 285636.0, 339324.0, 348235.0, 348995.0 
GO:0005813 CC 1.05e-06  40/614   529/18979 D03 centrosome                               1070.0, 1654.0, 3192.0, 4750.0, 4869.0, 4999.0, 5108.0, 5930.0, 7486.0, 7559.0, 8881.0, 9325.0, 9662.0, 9786.0, 9857.0, 10464.0, 22832.0, 23473.0, 28981.0, 51668.0, 54801.0, 55012.0, 56647.0, 57223.0, 57560.0, 64770.0, 79692.0, 80321.0, 80817.0, 84131.0, 84140.0, 84333.0, 85444.0, 115106.0, 137492.0, 151987.0, 153241.0, 202018.0, 285331.0, 387119.0 
GO:0005681 CC 1.10e-06  15/614   103/18979 D03 spliceosomal complex                     1207.0, 3178.0, 3189.0, 4670.0, 6434.0, 9879.0, 10236.0, 10285.0, 22938.0, 23451.0, 27316.0, 29896.0, 84991.0, 140890.0, 494115.0 
GO:1990904 CC 2.07e-05  17/614   162/18979 D02 ribonucleoprotein complex                3178.0, 3189.0, 3192.0, 4869.0, 7514.0, 10137.0, 10236.0, 10492.0, 23512.0, 23586.0, 27316.0, 51574.0, 79631.0, 84081.0, 129831.0, 200916.0, 389677.0 
GO:0000151 CC 3.78e-05  13/614   106/18979 D04 ubiquitin ligase complex                 580.0, 648.0, 9440.0, 10210.0, 11059.0, 23304.0, 26224.0, 26234.0, 26272.0, 54165.0, 54467.0, 56254.0, 90390.0 
GO:0000775 CC 4.55e-05   9/614    53/18979 D03 chromosome, centromeric region           5885.0, 9126.0, 10051.0, 10274.0, 23063.0, 23244.0, 25983.0, 55166.0, 79677.0 
GO:0016363 CC 4.88e-05  14/614   124/18979 D02 nuclear matrix                           3192.0, 4670.0, 5885.0, 6421.0, 6605.0, 9126.0, 9360.0, 9984.0, 10274.0, 22938.0, 29117.0, 55193.0, 55660.0, 284695.0 
GO:0005694 CC 5.81e-05  18/614   193/18979 D05 chromosome                               5885.0, 5930.0, 5965.0, 7486.0, 8886.0, 8899.0, 9126.0, 9188.0, 10274.0, 11340.0, 23063.0, 23244.0, 50809.0, 51406.0, 55035.0, 84298.0, 114799.0, 254394.0 
GO:0036396 CC 1.20e-04   4/614     9/18979 D05 RNA N6-methyladenosine methyltransferase complex 9589.0, 25962.0, 57721.0, 64863.0 
GO:0097431 CC 1.32e-04   7/614    36/18979 D03 mitotic spindle pole                     3550.0, 9126.0, 10274.0, 56647.0, 79677.0, 79768.0, 84140.0 
GO:0005737 CC 2.30e-04 183/614  4453/18979 D02 cytoplasm                                102.0, 178.0, 329.0, 382.0, 571.0, 580.0, 642.0, 689.0, 889.0, 1070.0, 1615.0, 1654.0, 2495.0, 2653.0, 2803.0, 3148.0, 3151.0, 3178.0, 3437.0, 3550.0, 3652.0, 4087.0, 4361.0, 4750.0, 4848.0, 4869.0, 5082.0, 5108.0, 5189.0, 5358.0, 5756.0, 5782.0, 5906.0, 5965.0, 5981.0, 6198.0, 6428.0, 6443.0, 6450.0, 6451.0, 6477.0, 6729.0, 6868.0, 7073.0, 7174.0, 7175.0, 7189.0, 7486.0, 7514.0, 7756.0, 8087.0, 8202.0, 8661.0, 8725.0, 8767.0, 8881.0, 9039.0, 9101.0, 9252.0, 9325.0, 9360.0, 9364.0, 9451.0, 9589.0, 9637.0, 9669.0, 9694.0, 9748.0, 9786.0, 9857.0, 9926.0, 9984.0, 10206.0, 10254.0, 10285.0, 10464.0, 10513.0, 10541.0, 10600.0, 10772.0, 10795.0, 10988.0, 11059.0, 11157.0, 11340.0, 23012.0, 23063.0, 23064.0, 23304.0, 23318.0, 23376.0, 23411.0, 23424.0, 23586.0, 25917.0, 25998.0, 26135.0, 26271.0, 26272.0, 27250.0, 27332.0, 27340.0, 27347.0, 28981.0, 29117.0, 29843.0, 29915.0, 51002.0, 51015.0, 51068.0, 51074.0, 51122.0, 51430.0, 51585.0, 54165.0, 54407.0, 54439.0, 54467.0, 54800.0, 54832.0, 54962.0, 55031.0, 55164.0, 55179.0, 55183.0, 55236.0, 55251.0, 55325.0, 55364.0, 55432.0, 55573.0, 55614.0, 55646.0, 57002.0, 57223.0, 57337.0, 57560.0, 57708.0, 57826.0, 58533.0, 64422.0, 64770.0, 64786.0, 79027.0, 79074.0, 79612.0, 79670.0, 79768.0, 80018.0, 80155.0, 80314.0, 80817.0, 81579.0, 83594.0, 85444.0, 91452.0, 92140.0, 92344.0, 96459.0, 96764.0, 115294.0, 129450.0, 129831.0, 133746.0, 134218.0, 150275.0, 151987.0, 153241.0, 163859.0, 166378.0, 201627.0, 202243.0, 203228.0, 219899.0, 221079.0, 221264.0, 222658.0, 246175.0, 246269.0, 253430.0, 285381.0, 339745.0, 387119.0 
GO:0030289 CC 3.21e-04   3/614     5/18979 D05 protein phosphatase 4 complex            55671.0, 57223.0, 151987.0 
GO:0035861 CC 4.53e-04  10/614    86/18979 D03 site of double-strand break              4361.0, 8467.0, 23347.0, 23376.0, 25842.0, 51444.0, 55183.0, 56916.0, 79677.0, 80314.0 
GO:0005886 CC 5.71e-18  49/614  3910/18979 D03 plasma membrane                          102.0, 382.0, 590.0, 889.0, 905.0, 1207.0, 1654.0, 2803.0, 4848.0, 4893.0, 5358.0, 5411.0, 5876.0, 5906.0, 6443.0, 6451.0, 6655.0, 6814.0, 6868.0, 7189.0, 8301.0, 8910.0, 9364.0, 10329.0, 10988.0, 11059.0, 23200.0, 23244.0, 23317.0, 25957.0, 26130.0, 27340.0, 29915.0, 51133.0, 54407.0, 54464.0, 55014.0, 55183.0, 55573.0, 57826.0, 58515.0, 64844.0, 83548.0, 83941.0, 91746.0, 129401.0, 144245.0, 153396.0, 163859.0 
GO:0005576 CC 1.22e-09  10/614  1318/18979 D02 extracellular region                     178.0, 590.0, 829.0, 1654.0, 2495.0, 3146.0, 64786.0, 79582.0, 81579.0, 387921.0 
GO:0005615 CC 7.40e-05  15/614  1113/18979 D02 extracellular space                      590.0, 889.0, 2531.0, 3146.0, 3148.0, 3151.0, 6451.0, 9255.0, 10464.0, 23318.0, 27316.0, 51575.0, 96764.0, 196441.0, 203228.0 
GO:0009897 CC 3.04e-04   0/614   263/18979 D03 external side of plasma membrane          
GO:0005515 MF 3.93e-28 486/614 11089/18979 D02 protein binding                          102.0, 178.0, 262.0, 329.0, 382.0, 571.0, 580.0, 590.0, 642.0, 648.0, 689.0, 829.0, 889.0, 902.0, 905.0, 1070.0, 1106.0, 1207.0, 1385.0, 1615.0, 1654.0, 1876.0, 1998.0, 2072.0, 2495.0, 2531.0, 2653.0, 2803.0, 3146.0, 3148.0, 3151.0, 3178.0, 3189.0, 3192.0, 3437.0, 3550.0, 3799.0, 3832.0, 4077.0, 4087.0, 4361.0, 4670.0, 4750.0, 4848.0, 4869.0, 4893.0, 4999.0, 5082.0, 5108.0, 5189.0, 5281.0, 5411.0, 5495.0, 5558.0, 5756.0, 5782.0, 5825.0, 5876.0, 5885.0, 5906.0, 5928.0, 5930.0, 5965.0, 5981.0, 6198.0, 6421.0, 6428.0, 6431.0, 6434.0, 6443.0, 6477.0, 6498.0, 6605.0, 6655.0, 6670.0, 6729.0, 6745.0, 6747.0, 6814.0, 6868.0, 6873.0, 6917.0, 6936.0, 7073.0, 7110.0, 7112.0, 7174.0, 7175.0, 7181.0, 7189.0, 7326.0, 7398.0, 7486.0, 7507.0, 7514.0, 7559.0, 7675.0, 7695.0, 7699.0, 7702.0, 7705.0, 7756.0, 7767.0, 7768.0, 7770.0, 7773.0, 7813.0, 7913.0, 7978.0, 8087.0, 8202.0, 8301.0, 8467.0, 8504.0, 8540.0, 8661.0, 8725.0, 8767.0, 8780.0, 8819.0, 8881.0, 8886.0, 8899.0, 9015.0, 9031.0, 9039.0, 9101.0, 9126.0, 9188.0, 9200.0, 9205.0, 9236.0, 9252.0, 9255.0, 9295.0, 9321.0, 9325.0, 9330.0, 9360.0, 9364.0, 9406.0, 9410.0, 9440.0, 9451.0, 9584.0, 9589.0, 9637.0, 9662.0, 9669.0, 9694.0, 9716.0, 9736.0, 9748.0, 9786.0, 9789.0, 9801.0, 9857.0, 9879.0, 9897.0, 9984.0, 10015.0, 10026.0, 10051.0, 10137.0, 10171.0, 10206.0, 10210.0, 10236.0, 10240.0, 10254.0, 10260.0, 10274.0, 10285.0, 10329.0, 10443.0, 10464.0, 10492.0, 10513.0, 10541.0, 10557.0, 10558.0, 10668.0, 10772.0, 10773.0, 10845.0, 10973.0, 10988.0, 11011.0, 11059.0, 11157.0, 11201.0, 11340.0, 22796.0, 22803.0, 22832.0, 22894.0, 22938.0, 23011.0, 23012.0, 23063.0, 23064.0, 23160.0, 23165.0, 23190.0, 23200.0, 23244.0, 23272.0, 23304.0, 23317.0, 23318.0, 23347.0, 23350.0, 23376.0, 23411.0, 23424.0, 23431.0, 23435.0, 23451.0, 23456.0, 23473.0, 23512.0, 23517.0, 23586.0, 25836.0, 25842.0, 25904.0, 25913.0, 25917.0, 25949.0, 25962.0, 25983.0, 26036.0, 26043.0, 26046.0, 26058.0, 26130.0, 26135.0, 26224.0, 26234.0, 26271.0, 26272.0, 26985.0, 27030.0, 27250.0, 27291.0, 27316.0, 27340.0, 27347.0, 28966.0, 28981.0, 29080.0, 29083.0, 29117.0, 29843.0, 29896.0, 29915.0, 50809.0, 51002.0, 51015.0, 51074.0, 51105.0, 51111.0, 51122.0, 51315.0, 51406.0, 51444.0, 51455.0, 51496.0, 51542.0, 51562.0, 51574.0, 51633.0, 51660.0, 51667.0, 51668.0, 51691.0, 51742.0, 51747.0, 53371.0, 54165.0, 54407.0, 54463.0, 54464.0, 54465.0, 54467.0, 54556.0, 54680.0, 54800.0, 54801.0, 54819.0, 54834.0, 54851.0, 54901.0, 54906.0, 54962.0, 55012.0, 55014.0, 55015.0, 55023.0, 55031.0, 55032.0, 55035.0, 55082.0, 55093.0, 55110.0, 55127.0, 55164.0, 55166.0, 55179.0, 55183.0, 55193.0, 55196.0, 55236.0, 55251.0, 55278.0, 55285.0, 55325.0, 55364.0, 55432.0, 55454.0, 55602.0, 55629.0, 55632.0, 55646.0, 55656.0, 55660.0, 55669.0, 55676.0, 55749.0, 55757.0, 55773.0, 55862.0, 55892.0, 55900.0, 56254.0, 56647.0, 56916.0, 57002.0, 57038.0, 57122.0, 57187.0, 57337.0, 57396.0, 57590.0, 57684.0, 57695.0, 57708.0, 57721.0, 57763.0, 57786.0, 57826.0, 58490.0, 58515.0, 58533.0, 60313.0, 60492.0, 63915.0, 63920.0, 63931.0, 64376.0, 64422.0, 64429.0, 64770.0, 64786.0, 64844.0, 79003.0, 79027.0, 79074.0, 79577.0, 79612.0, 79670.0, 79675.0, 79677.0, 79738.0, 79745.0, 79768.0, 79811.0, 79912.0, 80018.0, 80067.0, 80110.0, 80143.0, 80155.0, 80314.0, 80318.0, 80321.0, 80817.0, 81550.0, 81556.0, 81579.0, 81611.0, 81627.0, 83448.0, 83452.0, 83548.0, 83594.0, 83932.0, 83941.0, 84081.0, 84124.0, 84140.0, 84196.0, 84274.0, 84295.0, 84298.0, 84333.0, 84437.0, 84869.0, 84920.0, 84991.0, 90321.0, 90390.0, 91151.0, 91612.0, 91746.0, 92106.0, 92140.0, 92344.0, 92912.0, 96459.0, 96764.0, 112495.0, 113510.0, 114876.0, 115106.0, 115294.0, 115426.0, 116228.0, 118924.0, 129401.0, 129531.0, 129831.0, 130355.0, 133746.0, 134218.0, 134553.0, 137492.0, 140890.0, 143684.0, 143884.0, 144245.0, 148362.0, 150275.0, 151987.0, 153129.0, 153222.0, 153241.0, 154007.0, 158427.0, 163049.0, 163050.0, 163859.0, 166378.0, 196441.0, 199692.0, 200576.0, 200916.0, 201973.0, 202243.0, 203228.0, 219899.0, 221037.0, 221079.0, 221154.0, 221443.0, 246175.0, 246184.0, 246269.0, 253430.0, 254251.0, 254394.0, 284695.0, 285331.0, 285381.0, 285636.0, 285672.0, 286053.0, 339324.0, 339745.0, 348235.0, 348995.0, 389677.0, 440026.0, 497661.0, 100129792.0, 101928527.0 
GO:0003723 MF 7.77e-27 123/614  1338/18979 D04 RNA binding                              580.0, 689.0, 1106.0, 1207.0, 1615.0, 1654.0, 3146.0, 3148.0, 3151.0, 3178.0, 3189.0, 3192.0, 4670.0, 4869.0, 5411.0, 5930.0, 6421.0, 6428.0, 6431.0, 6434.0, 6605.0, 6729.0, 7073.0, 7175.0, 7514.0, 7756.0, 7913.0, 7978.0, 8087.0, 8661.0, 8886.0, 8899.0, 9188.0, 9295.0, 9360.0, 9406.0, 9410.0, 9584.0, 9669.0, 9716.0, 9879.0, 9984.0, 10137.0, 10153.0, 10236.0, 10240.0, 10285.0, 10492.0, 10772.0, 10973.0, 10988.0, 11056.0, 11157.0, 22803.0, 22894.0, 22938.0, 23064.0, 23160.0, 23272.0, 23318.0, 23350.0, 23435.0, 23451.0, 23517.0, 25949.0, 25957.0, 25962.0, 25983.0, 26058.0, 26135.0, 27250.0, 27316.0, 27332.0, 27340.0, 29080.0, 29889.0, 29896.0, 51068.0, 51163.0, 51406.0, 51574.0, 51575.0, 51691.0, 51747.0, 54439.0, 54464.0, 55035.0, 55110.0, 55119.0, 55127.0, 55602.0, 55646.0, 55660.0, 55749.0, 56647.0, 57038.0, 60313.0, 63931.0, 64318.0, 79366.0, 79670.0, 79675.0, 79811.0, 80155.0, 81550.0, 81627.0, 83448.0, 84081.0, 84295.0, 84298.0, 84991.0, 91746.0, 92140.0, 129831.0, 134218.0, 140890.0, 153443.0, 200916.0, 257415.0, 284695.0, 389677.0, 494115.0, 642659.0 
GO:0003682 MF 3.84e-08  35/614   384/18979 D02 chromatin binding                        905.0, 1106.0, 3151.0, 3192.0, 4087.0, 4869.0, 5885.0, 6421.0, 6498.0, 6605.0, 6670.0, 6873.0, 7175.0, 7486.0, 7702.0, 8725.0, 9126.0, 10051.0, 10274.0, 23272.0, 25836.0, 25842.0, 27030.0, 27316.0, 51111.0, 55193.0, 56254.0, 56916.0, 64318.0, 64376.0, 79366.0, 81550.0, 117608.0, 201973.0, 254394.0 
GO:0003677 MF 4.46e-08  62/614   917/18979 D04 DNA binding                              1106.0, 1654.0, 2072.0, 3148.0, 3178.0, 3192.0, 4087.0, 4361.0, 5411.0, 5558.0, 5885.0, 5981.0, 6421.0, 6917.0, 6936.0, 7073.0, 7110.0, 7112.0, 7181.0, 7486.0, 7570.0, 7594.0, 7596.0, 7705.0, 7756.0, 7773.0, 7913.0, 8467.0, 8690.0, 8819.0, 9015.0, 9044.0, 9330.0, 9984.0, 10210.0, 10260.0, 10773.0, 10795.0, 23064.0, 23347.0, 23435.0, 50809.0, 51747.0, 54962.0, 55193.0, 55279.0, 55646.0, 56916.0, 58486.0, 60313.0, 79725.0, 80110.0, 83591.0, 84295.0, 91151.0, 112495.0, 113510.0, 115426.0, 168451.0, 168850.0, 254251.0, 284695.0 
GO:0016887 MF 1.67e-07  32/614   353/18979 D07 ATP hydrolysis activity                  1106.0, 1654.0, 3799.0, 5189.0, 5825.0, 5965.0, 5981.0, 7486.0, 8467.0, 8886.0, 9044.0, 9126.0, 9188.0, 9716.0, 9879.0, 10051.0, 10693.0, 10845.0, 10973.0, 11056.0, 23200.0, 23347.0, 23456.0, 23517.0, 23586.0, 27030.0, 55614.0, 56916.0, 113510.0, 166378.0, 246269.0, 254394.0 
GO:0003713 MF 2.35e-06  23/614   234/18979 D03 transcription coactivator activity       329.0, 3146.0, 3148.0, 4869.0, 6605.0, 8202.0, 9321.0, 9325.0, 9440.0, 10153.0, 10206.0, 10600.0, 22938.0, 23411.0, 29117.0, 29915.0, 55749.0, 56254.0, 57826.0, 81550.0, 90390.0, 92140.0, 133746.0 
GO:0000993 MF 3.57e-06   8/614    30/18979 D06 RNA polymerase II complex binding        3192.0, 8202.0, 8725.0, 23160.0, 51585.0, 58490.0, 79577.0, 284695.0 
GO:0046872 MF 1.36e-05 106/614  2164/18979 D04 metal ion binding                        102.0, 580.0, 2618.0, 4087.0, 4750.0, 5558.0, 6670.0, 6868.0, 7507.0, 7559.0, 7581.0, 7594.0, 7596.0, 7675.0, 7695.0, 7699.0, 7702.0, 7756.0, 7767.0, 7768.0, 7769.0, 7770.0, 7771.0, 7773.0, 8780.0, 8819.0, 9406.0, 9669.0, 9849.0, 10210.0, 10308.0, 10668.0, 10773.0, 10795.0, 10988.0, 11201.0, 22803.0, 23411.0, 23469.0, 23512.0, 26036.0, 26271.0, 29083.0, 51105.0, 51111.0, 51163.0, 51426.0, 51444.0, 51455.0, 51668.0, 51710.0, 54439.0, 54467.0, 54556.0, 54665.0, 54680.0, 54816.0, 54901.0, 55012.0, 55279.0, 55432.0, 55454.0, 55632.0, 55646.0, 55892.0, 55900.0, 56254.0, 57684.0, 58486.0, 79027.0, 79692.0, 79725.0, 80110.0, 81627.0, 83591.0, 83932.0, 84124.0, 84146.0, 84295.0, 84333.0, 90321.0, 90592.0, 90649.0, 91664.0, 115426.0, 117608.0, 127396.0, 153129.0, 154007.0, 163049.0, 163050.0, 168451.0, 168850.0, 196441.0, 199692.0, 221037.0, 222194.0, 246175.0, 253430.0, 284695.0, 339318.0, 339324.0, 345462.0, 374900.0, 388536.0, 643836.0 
GO:0042393 MF 1.76e-05  16/614   144/18979 D03 histone binding                          1106.0, 4869.0, 5928.0, 7913.0, 8467.0, 9031.0, 10541.0, 10600.0, 23411.0, 25842.0, 29117.0, 55196.0, 56254.0, 81611.0, 84295.0, 115426.0 
GO:0003690 MF 4.50e-05  12/614    93/18979 D05 double-stranded DNA binding              3146.0, 3148.0, 3192.0, 4087.0, 4361.0, 5981.0, 7978.0, 9126.0, 23435.0, 23586.0, 27332.0, 83932.0 
GO:0003729 MF 7.10e-05  18/614   196/18979 D05 mRNA binding                             1654.0, 4670.0, 6434.0, 7175.0, 8661.0, 9716.0, 10236.0, 23424.0, 23451.0, 27316.0, 27332.0, 51574.0, 51585.0, 51747.0, 57187.0, 57721.0, 84081.0, 91746.0 
GO:0005509 MF 3.29e-05   4/614   608/18979 D05 calcium ion binding                      1070.0, 5358.0, 81579.0, 221154.0 
