GO:0006888 BP 3.43e-11  15/264   110/18979 D06 endoplasmic reticulum to Golgi vesicle-mediated transport 372.0, 378.0, 1315.0, 4253.0, 8615.0, 9276.0, 10282.0, 10342.0, 10427.0, 10959.0, 22872.0, 22878.0, 23256.0, 51124.0, 81555.0 
GO:0006457 BP 5.33e-10  15/264   133/18979 D02 protein folding                          821.0, 1047.0, 2923.0, 3329.0, 3336.0, 7184.0, 10130.0, 10961.0, 22926.0, 23071.0, 51726.0, 55768.0, 56605.0, 57003.0, 548645.0 
GO:0006886 BP 7.20e-09  18/264   239/18979 D07 intracellular protein transport          164.0, 372.0, 378.0, 1315.0, 3313.0, 8615.0, 9276.0, 10427.0, 10483.0, 10959.0, 10961.0, 11260.0, 22872.0, 23256.0, 25782.0, 26286.0, 53407.0, 157769.0 
GO:0006986 BP 6.50e-07   8/264    53/18979 D05 response to unfolded protein             3329.0, 3336.0, 4189.0, 7873.0, 23071.0, 51528.0, 79139.0, 201595.0 
GO:0009306 BP 2.69e-06   7/264    45/18979 D07 protein secretion                        821.0, 4253.0, 10959.0, 10961.0, 26286.0, 51030.0, 64083.0 
GO:0030433 BP 6.99e-06   8/264    72/18979 D10 ubiquitin-dependent ERAD pathway         821.0, 1047.0, 4189.0, 7184.0, 51528.0, 57003.0, 79139.0, 201595.0 
GO:0070126 BP 1.05e-05   3/264     4/18979 D07 mitochondrial translational termination  3396.0, 9617.0, 54516.0 
GO:0034975 BP 1.12e-05   4/264    11/18979 D03 protein folding in endoplasmic reticulum 821.0, 2923.0, 7184.0, 56605.0 
GO:0005789 CC 2.53e-17  52/264   968/18979 D04 endoplasmic reticulum membrane           372.0, 757.0, 821.0, 1047.0, 1315.0, 4189.0, 4253.0, 5283.0, 6184.0, 7184.0, 7485.0, 8560.0, 9197.0, 9276.0, 10130.0, 10175.0, 10269.0, 10282.0, 10390.0, 10427.0, 10483.0, 10959.0, 11236.0, 22872.0, 22926.0, 23071.0, 23256.0, 25782.0, 28972.0, 51075.0, 51124.0, 51136.0, 51144.0, 51283.0, 51495.0, 51528.0, 53407.0, 54499.0, 55161.0, 55788.0, 56605.0, 57003.0, 58505.0, 64924.0, 79139.0, 81555.0, 85365.0, 94101.0, 116150.0, 118987.0, 201595.0, 548645.0 
GO:0005783 CC 4.50e-12  44/264   977/18979 D05 endoplasmic reticulum                    757.0, 821.0, 1047.0, 1933.0, 2923.0, 4189.0, 4253.0, 4690.0, 5283.0, 6184.0, 6342.0, 7184.0, 7873.0, 8560.0, 8615.0, 10130.0, 10424.0, 10434.0, 10483.0, 10959.0, 10961.0, 11231.0, 11236.0, 22872.0, 22926.0, 25800.0, 27032.0, 29058.0, 51124.0, 51136.0, 51144.0, 51283.0, 51495.0, 51520.0, 51726.0, 53407.0, 54499.0, 55161.0, 56605.0, 57003.0, 79139.0, 81555.0, 94101.0, 201595.0 
GO:0005739 CC 4.04e-11  50/264  1300/18979 D05 mitochondrion                            34.0, 128.0, 708.0, 1666.0, 2108.0, 2230.0, 2710.0, 3313.0, 3329.0, 3336.0, 3396.0, 4594.0, 5095.0, 5264.0, 5533.0, 6342.0, 7019.0, 7296.0, 8560.0, 8802.0, 9617.0, 10352.0, 10730.0, 10935.0, 25996.0, 50484.0, 51001.0, 51075.0, 51250.0, 51300.0, 53343.0, 54516.0, 54675.0, 54927.0, 55013.0, 55017.0, 55334.0, 55760.0, 55825.0, 64083.0, 64216.0, 64746.0, 64968.0, 64983.0, 65991.0, 114294.0, 115416.0, 118987.0, 122961.0, 125228.0 
GO:0005759 CC 6.64e-11  25/264   367/18979 D05 mitochondrial matrix                     34.0, 708.0, 1666.0, 2108.0, 2110.0, 2230.0, 3313.0, 3329.0, 3336.0, 3396.0, 4594.0, 5095.0, 7019.0, 8802.0, 10352.0, 10935.0, 25996.0, 51250.0, 53343.0, 54516.0, 57001.0, 57107.0, 64216.0, 115416.0, 122961.0 
GO:0016020 CC 3.81e-09  78/264  2895/18979 D02 membrane                                 51.0, 164.0, 372.0, 378.0, 708.0, 821.0, 1315.0, 1398.0, 1452.0, 1499.0, 1655.0, 1660.0, 1973.0, 1982.0, 2992.0, 3074.0, 3190.0, 3329.0, 3336.0, 3608.0, 3646.0, 4247.0, 4253.0, 5194.0, 5576.0, 6184.0, 6342.0, 6596.0, 7184.0, 8560.0, 8615.0, 8664.0, 9197.0, 9375.0, 9631.0, 9775.0, 10096.0, 10099.0, 10269.0, 10282.0, 10390.0, 10424.0, 10730.0, 10959.0, 10961.0, 11231.0, 11236.0, 22926.0, 23019.0, 26286.0, 27032.0, 29058.0, 51030.0, 51124.0, 51283.0, 51726.0, 51765.0, 55013.0, 55745.0, 55751.0, 55788.0, 55830.0, 57003.0, 64417.0, 64645.0, 64746.0, 64924.0, 79139.0, 79572.0, 85365.0, 90488.0, 118987.0, 125228.0, 137695.0, 144448.0, 151556.0, 201595.0, 401397.0 
GO:0070971 CC 1.25e-06   6/264    26/18979 D02 endoplasmic reticulum exit site          4253.0, 10342.0, 10427.0, 10483.0, 22872.0, 81555.0 
GO:0005829 CC 1.32e-06 105/264  4965/18979 D02 cytosol                                  51.0, 128.0, 164.0, 331.0, 372.0, 378.0, 585.0, 708.0, 1036.0, 1147.0, 1315.0, 1398.0, 1429.0, 1452.0, 1499.0, 1655.0, 1660.0, 1666.0, 1933.0, 1973.0, 1982.0, 2107.0, 2171.0, 2632.0, 2673.0, 2710.0, 2730.0, 2960.0, 2992.0, 3329.0, 3646.0, 3716.0, 3842.0, 4048.0, 4690.0, 5095.0, 5194.0, 5236.0, 5257.0, 5264.0, 5357.0, 5533.0, 5576.0, 6184.0, 6342.0, 6897.0, 7019.0, 7184.0, 7296.0, 7873.0, 8615.0, 8664.0, 8835.0, 9276.0, 9337.0, 9631.0, 9775.0, 10096.0, 10130.0, 10342.0, 10427.0, 10434.0, 10483.0, 10935.0, 11260.0, 22872.0, 22878.0, 22926.0, 23019.0, 23256.0, 25782.0, 25909.0, 26286.0, 27292.0, 28962.0, 50484.0, 51001.0, 51324.0, 51441.0, 51520.0, 51611.0, 51765.0, 53354.0, 54187.0, 54468.0, 54469.0, 54677.0, 54951.0, 55017.0, 55172.0, 55745.0, 55768.0, 55825.0, 57107.0, 64083.0, 80218.0, 84520.0, 92610.0, 94056.0, 114294.0, 115416.0, 127018.0, 253943.0, 390916.0, 729920.0 
GO:0000139 CC 4.59e-06  24/264   607/18979 D05 Golgi membrane                           164.0, 372.0, 757.0, 1315.0, 4247.0, 8615.0, 9197.0, 9276.0, 9528.0, 10175.0, 10282.0, 10959.0, 22926.0, 23256.0, 25972.0, 26286.0, 27032.0, 29071.0, 53407.0, 54499.0, 64083.0, 64746.0, 64924.0, 152559.0 
GO:0070062 CC 8.04e-06  49/264  1839/18979 D06 extracellular exosome                    128.0, 378.0, 427.0, 483.0, 821.0, 1398.0, 1429.0, 1499.0, 1655.0, 1973.0, 2171.0, 2632.0, 2673.0, 2710.0, 2923.0, 3074.0, 3190.0, 3313.0, 3329.0, 3336.0, 3646.0, 3842.0, 4048.0, 4189.0, 5236.0, 5357.0, 5576.0, 6897.0, 7184.0, 7296.0, 9375.0, 9528.0, 10096.0, 10099.0, 10130.0, 10269.0, 10434.0, 10924.0, 23071.0, 25909.0, 29071.0, 51765.0, 53343.0, 54187.0, 54414.0, 54927.0, 80218.0, 94056.0, 151556.0 
GO:0005798 CC 1.66e-05   4/264    12/18979 D07 Golgi-associated vesicle                 1315.0, 23256.0, 26511.0, 51765.0 
GO:0042470 CC 6.26e-05   8/264    97/18979 D08 melanosome                               483.0, 821.0, 2923.0, 6184.0, 7184.0, 10130.0, 10961.0, 55161.0 
GO:0012507 CC 7.29e-05   6/264    51/18979 D07 ER to Golgi transport vesicle membrane   8615.0, 10175.0, 10427.0, 10959.0, 22872.0, 64924.0 
GO:0030133 CC 1.96e-04   7/264    86/18979 D07 transport vesicle                        372.0, 1315.0, 8615.0, 9276.0, 10282.0, 10959.0, 10961.0 
GO:0034663 CC 2.10e-04   3/264     9/18979 D03 endoplasmic reticulum chaperone complex  7184.0, 10130.0, 51726.0 
GO:0005782 CC 3.89e-04   5/264    45/18979 D06 peroxisomal matrix                       51.0, 5264.0, 6342.0, 54677.0, 390916.0 
GO:0005515 MF 1.67e-08 198/264 11089/18979 D02 protein binding                          51.0, 164.0, 331.0, 372.0, 378.0, 427.0, 483.0, 585.0, 708.0, 757.0, 821.0, 1147.0, 1315.0, 1398.0, 1452.0, 1499.0, 1525.0, 1655.0, 1660.0, 1665.0, 1810.0, 1933.0, 1973.0, 1982.0, 2107.0, 2108.0, 2110.0, 2171.0, 2188.0, 2632.0, 2710.0, 2730.0, 2923.0, 2960.0, 2963.0, 2992.0, 3074.0, 3190.0, 3313.0, 3329.0, 3336.0, 3608.0, 3646.0, 3716.0, 3842.0, 4048.0, 4189.0, 4253.0, 4594.0, 4676.0, 4690.0, 5095.0, 5194.0, 5236.0, 5257.0, 5264.0, 5283.0, 5533.0, 5576.0, 6184.0, 6342.0, 6426.0, 6596.0, 6651.0, 6897.0, 7019.0, 7150.0, 7184.0, 7296.0, 7485.0, 7873.0, 8382.0, 8405.0, 8545.0, 8560.0, 8615.0, 8664.0, 8802.0, 8835.0, 9276.0, 9337.0, 9403.0, 9443.0, 9528.0, 9631.0, 9646.0, 9775.0, 10063.0, 10096.0, 10130.0, 10175.0, 10269.0, 10282.0, 10342.0, 10390.0, 10424.0, 10427.0, 10434.0, 10473.0, 10483.0, 10713.0, 10730.0, 10924.0, 10935.0, 10959.0, 10961.0, 11101.0, 11231.0, 11236.0, 11260.0, 22872.0, 22878.0, 22926.0, 23019.0, 23071.0, 23256.0, 25782.0, 25800.0, 25926.0, 25972.0, 26286.0, 26511.0, 28962.0, 28972.0, 29071.0, 50484.0, 51001.0, 51030.0, 51075.0, 51098.0, 51124.0, 51144.0, 51250.0, 51283.0, 51300.0, 51324.0, 51441.0, 51495.0, 51520.0, 51522.0, 51726.0, 51765.0, 53343.0, 53407.0, 54468.0, 54469.0, 54499.0, 54793.0, 54927.0, 54951.0, 55017.0, 55081.0, 55161.0, 55172.0, 55296.0, 55334.0, 55760.0, 55768.0, 55788.0, 55871.0, 56605.0, 56910.0, 57003.0, 57107.0, 58505.0, 64083.0, 64395.0, 64417.0, 64746.0, 64968.0, 64983.0, 65991.0, 79139.0, 79269.0, 79665.0, 80135.0, 80218.0, 81555.0, 83939.0, 84520.0, 85365.0, 92610.0, 94056.0, 94101.0, 115416.0, 116150.0, 118987.0, 122961.0, 127018.0, 139596.0, 152559.0, 157769.0, 201595.0, 253943.0, 285521.0, 389203.0, 729852.0, 729967.0 
GO:0003723 MF 3.18e-08  45/264  1338/18979 D04 RNA binding                              372.0, 821.0, 1655.0, 1660.0, 1665.0, 1973.0, 1982.0, 2107.0, 2923.0, 3190.0, 3313.0, 3329.0, 3336.0, 3608.0, 3646.0, 3842.0, 4048.0, 4676.0, 6184.0, 6426.0, 6596.0, 6651.0, 7019.0, 7150.0, 7184.0, 7873.0, 8615.0, 8664.0, 8802.0, 9337.0, 9775.0, 11231.0, 23019.0, 25926.0, 25972.0, 27292.0, 51250.0, 51441.0, 55760.0, 57003.0, 64216.0, 64983.0, 79665.0, 80135.0, 253943.0 
GO:0051082 MF 1.07e-05   9/264   100/18979 D03 unfolded protein binding                 821.0, 1047.0, 3313.0, 3329.0, 3336.0, 4676.0, 7184.0, 51726.0, 56605.0 
GO:0004579 MF 2.61e-05   3/264     5/18979 D06 dolichyl-diphosphooligosaccharide-protein glycotransferase activity 6184.0, 58505.0, 201595.0 
GO:0003724 MF 4.81e-05   7/264    69/18979 D04 RNA helicase activity                    1655.0, 1660.0, 1665.0, 1973.0, 9775.0, 55760.0, 79665.0 
GO:0003747 MF 5.16e-05   3/264     6/18979 D07 translation release factor activity      2107.0, 9617.0, 54516.0 
