GO:0006955 BP 1.45e-13  35/683   221/18979 D02 immune response                          657.0, 941.0, 1514.0, 1896.0, 2213.0, 2217.0, 2669.0, 3001.0, 3105.0, 3106.0, 3107.0, 3117.0, 3118.0, 3134.0, 3512.0, 3600.0, 3603.0, 4091.0, 5734.0, 5896.0, 5996.0, 6351.0, 6590.0, 7049.0, 7852.0, 8530.0, 8741.0, 8743.0, 9034.0, 10225.0, 10288.0, 25939.0, 30835.0, 57007.0, 729230.0 
GO:0061844 BP 1.63e-08  11/683    34/18979 D07 antimicrobial humoral immune response mediated by antimicrobial peptide 283.0, 2921.0, 3627.0, 4057.0, 4283.0, 5473.0, 6373.0, 8346.0, 8349.0, 8970.0, 85480.0 
GO:0043066 BP 3.09e-08  39/683   408/18979 D07 negative regulation of apoptotic process 308.0, 358.0, 900.0, 1601.0, 1603.0, 1728.0, 2064.0, 2308.0, 3303.0, 3304.0, 3309.0, 3397.0, 3560.0, 3586.0, 4057.0, 4091.0, 4488.0, 4921.0, 5611.0, 5894.0, 7009.0, 7157.0, 7422.0, 8837.0, 9104.0, 9214.0, 10105.0, 10114.0, 10630.0, 11167.0, 23564.0, 23601.0, 26471.0, 30061.0, 56892.0, 60675.0, 81788.0, 84942.0, 85480.0 
GO:0070098 BP 4.40e-08  11/683    37/18979 D07 chemokine-mediated signaling pathway     2921.0, 3627.0, 4283.0, 5473.0, 6351.0, 6352.0, 6355.0, 6373.0, 9034.0, 57007.0, 729230.0 
GO:0019731 BP 3.63e-07   8/683    21/18979 D07 antibacterial humoral response           283.0, 3105.0, 3512.0, 4057.0, 6590.0, 8346.0, 8349.0, 8970.0 
GO:0045087 BP 4.59e-07  33/683   349/18979 D06 innate immune response                   283.0, 720.0, 721.0, 1728.0, 2633.0, 3105.0, 3106.0, 3107.0, 3430.0, 3512.0, 3551.0, 4179.0, 4734.0, 6590.0, 6737.0, 7706.0, 8876.0, 8915.0, 9051.0, 10462.0, 23601.0, 25939.0, 26472.0, 30835.0, 56829.0, 79188.0, 79792.0, 81035.0, 84282.0, 85363.0, 89122.0, 140564.0, 200316.0 
GO:0006954 BP 4.94e-07  31/683   317/18979 D04 inflammatory response                    720.0, 721.0, 958.0, 2149.0, 2213.0, 2359.0, 2921.0, 3551.0, 3600.0, 3627.0, 4069.0, 4283.0, 5473.0, 5732.0, 5734.0, 6351.0, 6352.0, 6355.0, 6373.0, 7852.0, 8876.0, 9034.0, 9051.0, 10225.0, 23166.0, 55848.0, 60675.0, 79792.0, 84807.0, 115362.0, 729230.0 
GO:0006968 BP 8.42e-07  10/683    39/18979 D04 cellular defense response                3702.0, 3959.0, 4046.0, 4283.0, 5551.0, 8915.0, 9214.0, 10288.0, 23601.0, 729230.0 
GO:0006935 BP 2.21e-06  14/683    86/18979 D03 chemotaxis                               2247.0, 2359.0, 3627.0, 4046.0, 4283.0, 6352.0, 6355.0, 6373.0, 9034.0, 55848.0, 57007.0, 60675.0, 123920.0, 729230.0 
GO:0002250 BP 2.16e-05  16/683   132/18979 D03 adaptive immune response                 916.0, 1514.0, 3106.0, 3107.0, 3117.0, 3118.0, 3512.0, 3702.0, 4179.0, 5896.0, 8915.0, 10288.0, 10462.0, 10990.0, 30835.0, 64167.0 
GO:0046718 BP 2.47e-05  13/683    92/18979 D06 viral entry into host cell               941.0, 975.0, 1514.0, 3303.0, 3304.0, 3416.0, 4179.0, 6520.0, 6993.0, 7852.0, 8673.0, 23601.0, 30835.0 
GO:1904707 BP 2.68e-05   8/683    35/18979 D07 positive regulation of vascular associated smooth muscle cell proliferation 657.0, 2247.0, 2773.0, 3488.0, 3586.0, 3725.0, 4313.0, 4921.0 
GO:0043547 BP 3.77e-05  17/683   153/18979 D06 positive regulation of GTPase activity   958.0, 2064.0, 2149.0, 3655.0, 5996.0, 6251.0, 6281.0, 6351.0, 6352.0, 6355.0, 8412.0, 8787.0, 9104.0, 9712.0, 10399.0, 55616.0, 153020.0 
GO:0042102 BP 4.58e-05   9/683    48/18979 D09 positive regulation of T cell proliferation 916.0, 941.0, 3280.0, 3600.0, 4179.0, 6352.0, 10288.0, 10673.0, 30835.0 
GO:0070062 CC 4.72e-13 127/683  1839/18979 D06 extracellular exosome                    165.0, 221.0, 223.0, 308.0, 358.0, 567.0, 634.0, 720.0, 721.0, 811.0, 958.0, 962.0, 965.0, 966.0, 967.0, 975.0, 1203.0, 1476.0, 1491.0, 1514.0, 1522.0, 1777.0, 1824.0, 1915.0, 2050.0, 2195.0, 2202.0, 2519.0, 2717.0, 2773.0, 2787.0, 2946.0, 3017.0, 3105.0, 3106.0, 3107.0, 3303.0, 3304.0, 3309.0, 3337.0, 3416.0, 3417.0, 3512.0, 3959.0, 4046.0, 4057.0, 4069.0, 4125.0, 4179.0, 4218.0, 4668.0, 4734.0, 4904.0, 5034.0, 5105.0, 5216.0, 5224.0, 5349.0, 5479.0, 5547.0, 5611.0, 5696.0, 5721.0, 5872.0, 5908.0, 6102.0, 6175.0, 6187.0, 6217.0, 6239.0, 6251.0, 6281.0, 6470.0, 6520.0, 6590.0, 6813.0, 7049.0, 7094.0, 7358.0, 7430.0, 7852.0, 8329.0, 8334.0, 8335.0, 8337.0, 8345.0, 8346.0, 8349.0, 8358.0, 8673.0, 8741.0, 8743.0, 8857.0, 8895.0, 8968.0, 8969.0, 9317.0, 9368.0, 10399.0, 10493.0, 10544.0, 10549.0, 10627.0, 10894.0, 11164.0, 11167.0, 23433.0, 23564.0, 23593.0, 26509.0, 26986.0, 30008.0, 54875.0, 55020.0, 55233.0, 55766.0, 79971.0, 83871.0, 84171.0, 84888.0, 87769.0, 113189.0, 196527.0, 252983.0, 440689.0, 554313.0, 723790.0 
GO:0000786 CC 9.82e-12  22/683   102/18979 D03 nucleosome                               3006.0, 3007.0, 3009.0, 3017.0, 3018.0, 3662.0, 8329.0, 8334.0, 8335.0, 8337.0, 8345.0, 8346.0, 8348.0, 8349.0, 8358.0, 8968.0, 8969.0, 8970.0, 55766.0, 440689.0, 554313.0, 723790.0 
GO:0009897 CC 1.77e-09  32/683   263/18979 D03 external side of plasma membrane         308.0, 567.0, 657.0, 811.0, 914.0, 916.0, 941.0, 958.0, 966.0, 969.0, 2213.0, 2217.0, 2219.0, 3105.0, 3106.0, 3107.0, 3134.0, 3416.0, 3560.0, 3627.0, 3655.0, 4238.0, 4283.0, 5034.0, 7048.0, 7049.0, 10462.0, 11118.0, 30835.0, 50615.0, 57493.0, 84168.0 
GO:0005576 CC 2.04e-09  91/683  1318/18979 D02 extracellular region                     165.0, 175.0, 283.0, 308.0, 567.0, 720.0, 721.0, 811.0, 914.0, 1476.0, 1514.0, 1522.0, 1915.0, 1945.0, 2050.0, 2149.0, 2202.0, 2219.0, 2247.0, 2519.0, 2633.0, 2717.0, 2921.0, 3101.0, 3303.0, 3304.0, 3417.0, 3488.0, 3512.0, 3586.0, 3600.0, 3603.0, 3627.0, 3959.0, 4052.0, 4057.0, 4069.0, 4125.0, 4147.0, 4148.0, 4238.0, 4283.0, 4313.0, 4904.0, 5034.0, 5473.0, 5551.0, 5611.0, 6038.0, 6281.0, 6351.0, 6352.0, 6373.0, 6590.0, 6813.0, 6993.0, 7048.0, 7094.0, 7422.0, 7424.0, 8358.0, 8702.0, 8741.0, 8743.0, 8875.0, 8876.0, 8968.0, 9214.0, 10437.0, 10493.0, 10544.0, 10549.0, 10673.0, 11061.0, 11096.0, 11167.0, 23593.0, 30008.0, 30835.0, 51071.0, 51705.0, 57493.0, 60675.0, 79792.0, 84034.0, 85480.0, 89970.0, 151887.0, 388677.0, 554313.0, 100996717.0 
GO:0005615 CC 1.84e-07  75/683  1113/18979 D02 extracellular space                      141.0, 165.0, 175.0, 283.0, 567.0, 720.0, 721.0, 811.0, 966.0, 967.0, 1476.0, 1486.0, 1514.0, 1522.0, 1896.0, 1915.0, 2202.0, 2217.0, 2219.0, 2247.0, 2519.0, 2921.0, 3001.0, 3105.0, 3106.0, 3107.0, 3134.0, 3303.0, 3416.0, 3430.0, 3488.0, 3512.0, 3586.0, 3600.0, 3603.0, 3627.0, 3959.0, 4057.0, 4069.0, 4125.0, 4179.0, 4283.0, 4313.0, 5473.0, 6038.0, 6281.0, 6351.0, 6352.0, 6355.0, 6373.0, 6590.0, 7049.0, 7422.0, 7424.0, 7430.0, 8346.0, 8349.0, 8530.0, 8741.0, 8857.0, 8970.0, 9601.0, 10288.0, 10544.0, 10673.0, 11096.0, 11167.0, 79056.0, 79792.0, 81035.0, 84171.0, 85480.0, 123920.0, 283659.0, 407029.0 
GO:0005925 CC 3.38e-07  37/683   412/18979 D05 focal adhesion                           308.0, 567.0, 811.0, 966.0, 975.0, 1466.0, 1601.0, 2195.0, 3303.0, 3304.0, 3309.0, 3603.0, 3611.0, 3655.0, 4179.0, 4267.0, 4921.0, 5034.0, 5216.0, 5479.0, 6175.0, 6176.0, 6187.0, 6217.0, 6251.0, 6645.0, 7094.0, 7205.0, 7430.0, 8412.0, 8895.0, 9019.0, 9902.0, 10544.0, 10673.0, 26986.0, 55616.0 
GO:0016020 CC 5.37e-07 153/683  2895/18979 D02 membrane                                 54.0, 308.0, 567.0, 634.0, 657.0, 811.0, 962.0, 965.0, 966.0, 975.0, 987.0, 1193.0, 1203.0, 1374.0, 1603.0, 1896.0, 1915.0, 2013.0, 2064.0, 2359.0, 2619.0, 2773.0, 2787.0, 3105.0, 3106.0, 3107.0, 3117.0, 3134.0, 3185.0, 3309.0, 3430.0, 3560.0, 3611.0, 3662.0, 3703.0, 3707.0, 3833.0, 3959.0, 4046.0, 4172.0, 4258.0, 4481.0, 5033.0, 5216.0, 5331.0, 5479.0, 5551.0, 5611.0, 5721.0, 5734.0, 5908.0, 6175.0, 6187.0, 6217.0, 6302.0, 6520.0, 6645.0, 6646.0, 7009.0, 7048.0, 7422.0, 7424.0, 7430.0, 8358.0, 8412.0, 8653.0, 8673.0, 8702.0, 8714.0, 8741.0, 8876.0, 8968.0, 9051.0, 9154.0, 9368.0, 9902.0, 10060.0, 10105.0, 10162.0, 10186.0, 10257.0, 10288.0, 10413.0, 10455.0, 10493.0, 10611.0, 10630.0, 10673.0, 10894.0, 10972.0, 10990.0, 11004.0, 11014.0, 11061.0, 11118.0, 23471.0, 23509.0, 23753.0, 26020.0, 26986.0, 27436.0, 29957.0, 30061.0, 30835.0, 50615.0, 51259.0, 54838.0, 54918.0, 55076.0, 55194.0, 55717.0, 55741.0, 56606.0, 56951.0, 57205.0, 60401.0, 64072.0, 65065.0, 79056.0, 79649.0, 79792.0, 81031.0, 81035.0, 83596.0, 84171.0, 84187.0, 84230.0, 84641.0, 84888.0, 93129.0, 113189.0, 113251.0, 115362.0, 116441.0, 121457.0, 130814.0, 137835.0, 147184.0, 169200.0, 196527.0, 200634.0, 219854.0, 223082.0, 255520.0, 284996.0, 374403.0, 388335.0, 391059.0, 554313.0, 644538.0, 729230.0, 100506144.0, 111089941.0 
GO:0042612 CC 1.18e-06   5/683     7/18979 D05 MHC class I protein complex              567.0, 3105.0, 3106.0, 3107.0, 3134.0 
GO:0098553 CC 1.70e-06   8/683    25/18979 D04 lumenal side of endoplasmic reticulum membrane 811.0, 3105.0, 3106.0, 3107.0, 3117.0, 3118.0, 3134.0, 84888.0 
GO:0005788 CC 4.42e-06  26/683   267/18979 D05 endoplasmic reticulum lumen              567.0, 720.0, 811.0, 1522.0, 2519.0, 3309.0, 3488.0, 4052.0, 4148.0, 5033.0, 5034.0, 5479.0, 5611.0, 9601.0, 11096.0, 11167.0, 23753.0, 51661.0, 55214.0, 55741.0, 64167.0, 79188.0, 143888.0, 285362.0, 340348.0, 111089941.0 
GO:0005886 CC 6.98e-06 189/683  3910/18979 D03 plasma membrane                          94.0, 221.0, 358.0, 567.0, 634.0, 657.0, 720.0, 721.0, 914.0, 916.0, 941.0, 958.0, 962.0, 965.0, 966.0, 967.0, 969.0, 975.0, 987.0, 1140.0, 1193.0, 1514.0, 1522.0, 1601.0, 1824.0, 1896.0, 1915.0, 1945.0, 2013.0, 2050.0, 2064.0, 2149.0, 2195.0, 2213.0, 2359.0, 2619.0, 2633.0, 2669.0, 2773.0, 2787.0, 3105.0, 3106.0, 3107.0, 3117.0, 3118.0, 3134.0, 3185.0, 3309.0, 3560.0, 3603.0, 3611.0, 3655.0, 3702.0, 4007.0, 4046.0, 4057.0, 4179.0, 4218.0, 4258.0, 4267.0, 4313.0, 4481.0, 4682.0, 4734.0, 4904.0, 4919.0, 4921.0, 5029.0, 5074.0, 5241.0, 5349.0, 5547.0, 5551.0, 5732.0, 5734.0, 5872.0, 5894.0, 5908.0, 5996.0, 5998.0, 6102.0, 6236.0, 6302.0, 6446.0, 6520.0, 6645.0, 6813.0, 7009.0, 7048.0, 7049.0, 7094.0, 7205.0, 7430.0, 7852.0, 7923.0, 8673.0, 8714.0, 8743.0, 8787.0, 8875.0, 8876.0, 8895.0, 8970.0, 9019.0, 9034.0, 9051.0, 9154.0, 9214.0, 9712.0, 9848.0, 10008.0, 10060.0, 10114.0, 10225.0, 10257.0, 10288.0, 10462.0, 10544.0, 10630.0, 10673.0, 10894.0, 10972.0, 11118.0, 11160.0, 22929.0, 23166.0, 23433.0, 23601.0, 25798.0, 25805.0, 25939.0, 26020.0, 26509.0, 30061.0, 30835.0, 50615.0, 51196.0, 51374.0, 51705.0, 53832.0, 53919.0, 54822.0, 54852.0, 54918.0, 55240.0, 55256.0, 55353.0, 55640.0, 55848.0, 56100.0, 56606.0, 56892.0, 57007.0, 57085.0, 57205.0, 60401.0, 64065.0, 64116.0, 79056.0, 79188.0, 79792.0, 79971.0, 81031.0, 81035.0, 84168.0, 84230.0, 84888.0, 85415.0, 89122.0, 90427.0, 92737.0, 93129.0, 94121.0, 115111.0, 115330.0, 137075.0, 153020.0, 157638.0, 171586.0, 196527.0, 220963.0, 223082.0, 283659.0, 286410.0, 338442.0, 340348.0, 374395.0, 374403.0, 729230.0 
GO:0012507 CC 1.15e-05  10/683    51/18979 D07 ER to Golgi transport vesicle membrane   567.0, 966.0, 3105.0, 3106.0, 3107.0, 3117.0, 3118.0, 3134.0, 10802.0, 10972.0 
GO:0009986 CC 2.58e-05  39/683   531/18979 D02 cell surface                             94.0, 634.0, 811.0, 914.0, 941.0, 958.0, 965.0, 966.0, 967.0, 2013.0, 2149.0, 3105.0, 3106.0, 3107.0, 3134.0, 3309.0, 3416.0, 3560.0, 3600.0, 3655.0, 4057.0, 4179.0, 4919.0, 6281.0, 6520.0, 7049.0, 7094.0, 7422.0, 7852.0, 9019.0, 9601.0, 10288.0, 10544.0, 23601.0, 30835.0, 57007.0, 84168.0, 196527.0, 340348.0 
GO:0035577 CC 1.03e-04   9/683    53/18979 D08 azurophil granule membrane               967.0, 5547.0, 5908.0, 8673.0, 8876.0, 8895.0, 25798.0, 54918.0, 374395.0 
GO:0034663 CC 1.81e-04   4/683     9/18979 D03 endoplasmic reticulum chaperone complex  3309.0, 5034.0, 5479.0, 23753.0 
GO:0005829 CC 1.90e-04 222/683  4965/18979 D02 cytosol                                  9.0, 32.0, 54.0, 141.0, 221.0, 223.0, 283.0, 308.0, 567.0, 595.0, 675.0, 677.0, 811.0, 839.0, 864.0, 904.0, 987.0, 1193.0, 1203.0, 1476.0, 1491.0, 1601.0, 1728.0, 1841.0, 1915.0, 1936.0, 2013.0, 2050.0, 2064.0, 2308.0, 2633.0, 2635.0, 2736.0, 2946.0, 3017.0, 3018.0, 3101.0, 3155.0, 3185.0, 3303.0, 3304.0, 3309.0, 3337.0, 3416.0, 3417.0, 3430.0, 3551.0, 3560.0, 3600.0, 3603.0, 3611.0, 3613.0, 3662.0, 3702.0, 3707.0, 4091.0, 4154.0, 4214.0, 4218.0, 4481.0, 4488.0, 4682.0, 4734.0, 4772.0, 4773.0, 4824.0, 4904.0, 4953.0, 5034.0, 5074.0, 5105.0, 5193.0, 5208.0, 5216.0, 5224.0, 5241.0, 5331.0, 5366.0, 5479.0, 5551.0, 5611.0, 5696.0, 5721.0, 5723.0, 5778.0, 5872.0, 5894.0, 5908.0, 5996.0, 5998.0, 6175.0, 6176.0, 6187.0, 6217.0, 6236.0, 6251.0, 6446.0, 6470.0, 6737.0, 6813.0, 7048.0, 7094.0, 7157.0, 7205.0, 7328.0, 7358.0, 7430.0, 7706.0, 7852.0, 7867.0, 8345.0, 8346.0, 8348.0, 8349.0, 8653.0, 8673.0, 8741.0, 8837.0, 8895.0, 8915.0, 8970.0, 9046.0, 9047.0, 9051.0, 9104.0, 9154.0, 9314.0, 9324.0, 9532.0, 9595.0, 9654.0, 9712.0, 10114.0, 10399.0, 10413.0, 10437.0, 10455.0, 10549.0, 10611.0, 10627.0, 10630.0, 10802.0, 11004.0, 11160.0, 11164.0, 22978.0, 23102.0, 23401.0, 23498.0, 23564.0, 23601.0, 25895.0, 26191.0, 26259.0, 26353.0, 26986.0, 27147.0, 27237.0, 27284.0, 27436.0, 29107.0, 29997.0, 30061.0, 51071.0, 51196.0, 51226.0, 51259.0, 51776.0, 53630.0, 54453.0, 54875.0, 55062.0, 55106.0, 55214.0, 55233.0, 55256.0, 55616.0, 55717.0, 55756.0, 56658.0, 56829.0, 56892.0, 57412.0, 57606.0, 63898.0, 63929.0, 64080.0, 64859.0, 65065.0, 79023.0, 79792.0, 79971.0, 81031.0, 81930.0, 83439.0, 84191.0, 84282.0, 84343.0, 84942.0, 85363.0, 85415.0, 87769.0, 89122.0, 90427.0, 91607.0, 92689.0, 113251.0, 117177.0, 119504.0, 121512.0, 122664.0, 123720.0, 123920.0, 124540.0, 157313.0, 196527.0, 223082.0, 253827.0, 374403.0, 440498.0, 440689.0, 729230.0 
GO:0030670 CC 2.17e-04  10/683    71/18979 D07 phagocytic vesicle membrane              567.0, 811.0, 3105.0, 3106.0, 3107.0, 3134.0, 4218.0, 8673.0, 8992.0, 83871.0 
GO:0097197 CC 2.94e-04   4/683    10/18979 D02 tetraspanin-enriched microdomain         975.0, 10630.0, 25939.0, 340348.0 
GO:0030527 MF 3.56e-14  21/683    71/18979 D02 structural constituent of chromatin      3006.0, 3007.0, 3009.0, 3017.0, 3018.0, 8329.0, 8334.0, 8335.0, 8337.0, 8345.0, 8346.0, 8348.0, 8349.0, 8358.0, 8968.0, 8969.0, 8970.0, 55766.0, 440689.0, 554313.0, 723790.0 
GO:0005515 MF 1.40e-08 470/683 11089/18979 D02 protein binding                          32.0, 94.0, 141.0, 175.0, 221.0, 283.0, 308.0, 358.0, 466.0, 567.0, 594.0, 595.0, 634.0, 657.0, 675.0, 677.0, 694.0, 811.0, 839.0, 864.0, 900.0, 904.0, 914.0, 916.0, 941.0, 958.0, 962.0, 965.0, 966.0, 967.0, 969.0, 975.0, 987.0, 1102.0, 1140.0, 1193.0, 1203.0, 1376.0, 1407.0, 1466.0, 1491.0, 1514.0, 1522.0, 1601.0, 1728.0, 1824.0, 1896.0, 1915.0, 1936.0, 1945.0, 2004.0, 2013.0, 2050.0, 2064.0, 2140.0, 2149.0, 2195.0, 2202.0, 2213.0, 2217.0, 2219.0, 2247.0, 2308.0, 2328.0, 2359.0, 2494.0, 2519.0, 2619.0, 2633.0, 2635.0, 2669.0, 2717.0, 2736.0, 2773.0, 2787.0, 2946.0, 3001.0, 3006.0, 3009.0, 3017.0, 3018.0, 3030.0, 3101.0, 3105.0, 3106.0, 3107.0, 3117.0, 3118.0, 3134.0, 3185.0, 3280.0, 3303.0, 3304.0, 3309.0, 3337.0, 3397.0, 3399.0, 3416.0, 3417.0, 3430.0, 3488.0, 3551.0, 3560.0, 3586.0, 3600.0, 3611.0, 3613.0, 3627.0, 3655.0, 3662.0, 3702.0, 3703.0, 3707.0, 3725.0, 3959.0, 4007.0, 4052.0, 4057.0, 4091.0, 4147.0, 4148.0, 4154.0, 4172.0, 4179.0, 4214.0, 4218.0, 4238.0, 4258.0, 4267.0, 4283.0, 4299.0, 4313.0, 4481.0, 4488.0, 4682.0, 4734.0, 4772.0, 4773.0, 4778.0, 4824.0, 4904.0, 4919.0, 4921.0, 4953.0, 5029.0, 5033.0, 5034.0, 5074.0, 5166.0, 5193.0, 5208.0, 5216.0, 5224.0, 5241.0, 5331.0, 5366.0, 5465.0, 5473.0, 5479.0, 5547.0, 5551.0, 5613.0, 5696.0, 5721.0, 5734.0, 5778.0, 5872.0, 5894.0, 5896.0, 5908.0, 5998.0, 6102.0, 6175.0, 6176.0, 6187.0, 6217.0, 6236.0, 6251.0, 6281.0, 6302.0, 6351.0, 6352.0, 6355.0, 6373.0, 6446.0, 6470.0, 6520.0, 6590.0, 6645.0, 6646.0, 6672.0, 6737.0, 6813.0, 6934.0, 6993.0, 7009.0, 7048.0, 7049.0, 7050.0, 7094.0, 7153.0, 7157.0, 7205.0, 7328.0, 7422.0, 7424.0, 7430.0, 7568.0, 7706.0, 7764.0, 7852.0, 7867.0, 7923.0, 8329.0, 8334.0, 8335.0, 8337.0, 8345.0, 8346.0, 8348.0, 8349.0, 8358.0, 8412.0, 8530.0, 8673.0, 8702.0, 8743.0, 8800.0, 8837.0, 8857.0, 8875.0, 8895.0, 8915.0, 8968.0, 8969.0, 8970.0, 8992.0, 9019.0, 9046.0, 9047.0, 9051.0, 9314.0, 9317.0, 9324.0, 9368.0, 9532.0, 9595.0, 9601.0, 9741.0, 9848.0, 9902.0, 10008.0, 10105.0, 10140.0, 10201.0, 10257.0, 10288.0, 10399.0, 10413.0, 10437.0, 10449.0, 10455.0, 10462.0, 10493.0, 10544.0, 10549.0, 10611.0, 10627.0, 10630.0, 10673.0, 10802.0, 10827.0, 10894.0, 10950.0, 10957.0, 10972.0, 11004.0, 11096.0, 11099.0, 11107.0, 11112.0, 11118.0, 11160.0, 11164.0, 11167.0, 22929.0, 22978.0, 23102.0, 23166.0, 23433.0, 23443.0, 23471.0, 23498.0, 23564.0, 23593.0, 23753.0, 25798.0, 25805.0, 25832.0, 25853.0, 25895.0, 25925.0, 25939.0, 26020.0, 26191.0, 26259.0, 26353.0, 26471.0, 26509.0, 26986.0, 27237.0, 27284.0, 27436.0, 29015.0, 29095.0, 29107.0, 29946.0, 29997.0, 30008.0, 30061.0, 30835.0, 50486.0, 50615.0, 50808.0, 51029.0, 51065.0, 51071.0, 51196.0, 51227.0, 51259.0, 51312.0, 51320.0, 51374.0, 51661.0, 51776.0, 53832.0, 54520.0, 54741.0, 54796.0, 54838.0, 54852.0, 54918.0, 55062.0, 55076.0, 55106.0, 55151.0, 55194.0, 55233.0, 55240.0, 55254.0, 55256.0, 55286.0, 55304.0, 55332.0, 55353.0, 55603.0, 55616.0, 55717.0, 55756.0, 55848.0, 56658.0, 56829.0, 56892.0, 57007.0, 57085.0, 57205.0, 57493.0, 57606.0, 58529.0, 60401.0, 60675.0, 63874.0, 63892.0, 63898.0, 63901.0, 63929.0, 64065.0, 64072.0, 64080.0, 64236.0, 64802.0, 64859.0, 79001.0, 79023.0, 79056.0, 79188.0, 79611.0, 79663.0, 79691.0, 79710.0, 79792.0, 79818.0, 79971.0, 80270.0, 80311.0, 81035.0, 81788.0, 81930.0, 83439.0, 83473.0, 83871.0, 84034.0, 84168.0, 84171.0, 84191.0, 84230.0, 84267.0, 84282.0, 84343.0, 84532.0, 84641.0, 84674.0, 84693.0, 84807.0, 84888.0, 85363.0, 87769.0, 90427.0, 91607.0, 92689.0, 92737.0, 93129.0, 94121.0, 112817.0, 113251.0, 114769.0, 115201.0, 115362.0, 116071.0, 116441.0, 117177.0, 119504.0, 121457.0, 123920.0, 124540.0, 124961.0, 137075.0, 151242.0, 152573.0, 153572.0, 157638.0, 162972.0, 167691.0, 169792.0, 196527.0, 197135.0, 200316.0, 200634.0, 201965.0, 219854.0, 220963.0, 252983.0, 253512.0, 253827.0, 284391.0, 285362.0, 286410.0, 286451.0, 340348.0, 374395.0, 374403.0, 375757.0, 388335.0, 388677.0, 440498.0, 554313.0, 723790.0, 729230.0, 100996717.0, 101060226.0 
GO:0008009 MF 2.37e-06   8/683    26/18979 D06 chemokine activity                       2921.0, 3627.0, 4283.0, 5473.0, 6351.0, 6352.0, 6355.0, 6373.0 
GO:0045236 MF 2.29e-05   5/683    11/18979 D06 CXCR chemokine receptor binding          2921.0, 3627.0, 4283.0, 5473.0, 6373.0 
GO:0048248 MF 4.64e-05   3/683     3/18979 D07 CXCR3 chemokine receptor binding         3627.0, 4283.0, 6373.0 
GO:0046977 MF 4.64e-05   3/683     3/18979 D03 TAP binding                              3105.0, 3106.0, 3107.0 
GO:0005024 MF 5.34e-05   4/683     7/18979 D08 transforming growth factor beta receptor activity 94.0, 4052.0, 7048.0, 7049.0 
