GO:0050680 BP 1.94e-06   8/318    51/18979 D06 negative regulation of epithelial cell proliferation 367.0, 4163.0, 5080.0, 6423.0, 6657.0, 6662.0, 7042.0, 10247.0 
GO:0006942 BP 4.66e-06   3/318     3/18979 D07 regulation of striated muscle contraction 477.0, 4634.0, 6717.0 
GO:0009611 BP 7.74e-06   8/318    61/18979 D03 response to wounding                     2670.0, 3371.0, 3691.0, 4774.0, 5080.0, 6507.0, 6657.0, 7042.0 
GO:0062023 CC 3.42e-07  20/318   312/18979 D04 collagen-containing extracellular matrix 183.0, 284.0, 1191.0, 1462.0, 2152.0, 3371.0, 3574.0, 3910.0, 3958.0, 6383.0, 6423.0, 6678.0, 7042.0, 8076.0, 8406.0, 9068.0, 10082.0, 25890.0, 255743.0, 284217.0 
GO:0045121 CC 8.89e-07  16/318   218/18979 D04 membrane raft                            19.0, 284.0, 355.0, 824.0, 836.0, 1901.0, 1910.0, 1956.0, 2040.0, 2697.0, 2824.0, 6385.0, 8613.0, 10580.0, 23209.0, 79026.0 
GO:0005886 CC 2.39e-06 101/318  3910/18979 D03 plasma membrane                          19.0, 120.0, 187.0, 284.0, 355.0, 361.0, 367.0, 394.0, 444.0, 477.0, 658.0, 824.0, 952.0, 954.0, 1837.0, 1901.0, 1910.0, 1956.0, 2040.0, 2152.0, 2565.0, 2697.0, 2824.0, 2846.0, 3037.0, 3691.0, 3709.0, 3782.0, 3958.0, 4163.0, 4257.0, 4534.0, 4853.0, 4907.0, 4915.0, 5028.0, 5098.0, 5251.0, 5333.0, 5338.0, 5445.0, 5803.0, 6094.0, 6383.0, 6385.0, 6507.0, 6563.0, 6583.0, 6678.0, 7099.0, 7107.0, 8082.0, 8153.0, 8601.0, 8613.0, 8671.0, 8934.0, 9413.0, 9415.0, 9843.0, 10082.0, 10083.0, 10580.0, 10936.0, 10979.0, 11031.0, 23022.0, 23118.0, 23209.0, 23554.0, 23580.0, 23657.0, 26018.0, 51285.0, 54762.0, 55198.0, 55540.0, 55701.0, 55740.0, 55970.0, 56099.0, 56105.0, 56106.0, 57088.0, 57216.0, 57722.0, 58494.0, 79026.0, 79901.0, 80243.0, 83604.0, 84239.0, 126969.0, 135228.0, 140576.0, 147495.0, 154796.0, 166647.0, 202374.0, 286183.0, 644139.0 
GO:0005615 CC 8.70e-05  37/318  1113/18979 D02 extracellular space                      183.0, 284.0, 1191.0, 1462.0, 1809.0, 1956.0, 2040.0, 2152.0, 3371.0, 3574.0, 3958.0, 4828.0, 5444.0, 5446.0, 5648.0, 6374.0, 6423.0, 6678.0, 7042.0, 7079.0, 8862.0, 8991.0, 9068.0, 9588.0, 9865.0, 10082.0, 11341.0, 25890.0, 26018.0, 53342.0, 80763.0, 83690.0, 90865.0, 135228.0, 140576.0, 144568.0, 284217.0 
GO:0009986 CC 9.67e-05  22/318   531/18979 D02 cell surface                             355.0, 952.0, 1191.0, 1956.0, 2152.0, 3691.0, 3958.0, 4853.0, 4907.0, 5028.0, 6383.0, 6385.0, 6507.0, 6678.0, 7099.0, 8406.0, 8671.0, 10082.0, 10979.0, 23657.0, 58494.0, 135228.0 
GO:0001725 CC 1.28e-04   7/318    67/18979 D04 stress fiber                             3983.0, 10529.0, 10580.0, 10979.0, 11170.0, 23022.0, 27295.0 
GO:0070062 CC 1.69e-04  52/318  1839/18979 D06 extracellular exosome                    183.0, 216.0, 217.0, 284.0, 355.0, 501.0, 754.0, 824.0, 952.0, 954.0, 1191.0, 1622.0, 2040.0, 2184.0, 2628.0, 3176.0, 3691.0, 3910.0, 3958.0, 4907.0, 5333.0, 5375.0, 5444.0, 5446.0, 6385.0, 6717.0, 8338.0, 8424.0, 8644.0, 8671.0, 8934.0, 8991.0, 9068.0, 9588.0, 10247.0, 10529.0, 10606.0, 10768.0, 10974.0, 22836.0, 26227.0, 29968.0, 55198.0, 55970.0, 79026.0, 79901.0, 83690.0, 140576.0, 144568.0, 146556.0, 163071.0, 255743.0 
GO:0102007 MF 4.66e-06   3/318     3/18979 D06 acyl-L-homoserine-lactone lactonohydrolase activity 5444.0, 5445.0, 5446.0 
