GO:0016324 CC 2.15e-13  35/457   331/18979 D04 apical plasma membrane                   771.0, 1317.0, 1513.0, 2348.0, 3485.0, 3753.0, 4647.0, 4935.0, 5174.0, 5348.0, 6337.0, 6522.0, 6526.0, 6584.0, 8323.0, 9076.0, 9376.0, 10004.0, 10207.0, 10519.0, 10568.0, 53841.0, 54716.0, 57619.0, 57835.0, 59341.0, 64284.0, 83552.0, 84329.0, 84417.0, 92359.0, 113235.0, 123041.0, 153562.0, 100506658.0 
GO:0005615 CC 2.29e-10  63/457  1113/18979 D02 extracellular space                      652.0, 729.0, 1071.0, 1285.0, 1286.0, 1296.0, 1297.0, 1356.0, 1513.0, 2153.0, 2162.0, 2192.0, 2878.0, 2950.0, 3053.0, 3077.0, 3373.0, 3485.0, 3490.0, 3931.0, 4016.0, 4323.0, 5176.0, 5228.0, 5627.0, 5919.0, 6403.0, 6422.0, 6425.0, 6649.0, 6692.0, 7044.0, 7045.0, 7078.0, 7276.0, 7481.0, 8547.0, 9518.0, 10461.0, 10577.0, 10647.0, 11012.0, 22795.0, 23213.0, 25928.0, 25987.0, 27076.0, 54097.0, 64094.0, 78989.0, 79887.0, 80310.0, 84417.0, 93035.0, 93099.0, 119587.0, 123904.0, 124857.0, 199699.0, 283298.0, 284207.0, 406987.0, 100507436.0 
GO:0070062 CC 1.69e-09  86/457  1839/18979 D06 extracellular exosome                    38.0, 48.0, 95.0, 220.0, 307.0, 729.0, 760.0, 974.0, 1071.0, 1356.0, 1829.0, 2053.0, 2167.0, 2192.0, 2348.0, 2444.0, 2517.0, 2799.0, 2878.0, 2947.0, 2950.0, 3053.0, 3073.0, 3081.0, 3242.0, 3248.0, 3373.0, 3418.0, 3485.0, 3490.0, 3693.0, 3852.0, 3856.0, 3875.0, 3913.0, 3931.0, 4883.0, 5174.0, 5176.0, 5480.0, 5627.0, 6337.0, 6422.0, 6528.0, 6575.0, 6584.0, 6608.0, 6649.0, 6692.0, 6697.0, 7045.0, 7105.0, 7276.0, 8789.0, 9376.0, 9518.0, 10103.0, 10207.0, 10519.0, 10577.0, 11012.0, 11098.0, 22795.0, 22977.0, 23224.0, 23743.0, 51599.0, 53841.0, 54097.0, 54504.0, 55040.0, 55890.0, 57393.0, 64284.0, 64855.0, 79073.0, 81567.0, 83483.0, 84418.0, 84836.0, 91894.0, 92359.0, 157310.0, 283537.0, 284207.0, 373156.0 
GO:0005886 CC 1.03e-08 146/457  3910/18979 D03 plasma membrane                          24.0, 307.0, 760.0, 771.0, 940.0, 974.0, 1001.0, 1187.0, 1317.0, 1356.0, 1829.0, 2041.0, 2150.0, 2153.0, 2205.0, 2272.0, 2324.0, 2348.0, 2535.0, 2825.0, 2886.0, 3077.0, 3358.0, 3693.0, 3741.0, 3753.0, 3764.0, 3769.0, 4041.0, 4323.0, 4883.0, 4920.0, 4935.0, 5174.0, 5322.0, 5348.0, 5618.0, 5627.0, 5754.0, 5913.0, 5995.0, 6121.0, 6337.0, 6403.0, 6422.0, 6522.0, 6526.0, 6528.0, 6560.0, 6575.0, 6578.0, 6584.0, 6608.0, 6614.0, 6692.0, 7006.0, 7045.0, 7106.0, 7225.0, 7779.0, 7984.0, 8323.0, 8325.0, 8395.0, 8471.0, 8578.0, 8727.0, 8789.0, 9075.0, 9076.0, 9120.0, 9122.0, 9376.0, 9427.0, 9749.0, 9953.0, 10103.0, 10207.0, 10385.0, 10451.0, 10457.0, 10461.0, 10519.0, 10560.0, 10568.0, 22795.0, 23213.0, 23627.0, 23682.0, 26266.0, 27076.0, 28234.0, 29969.0, 29984.0, 51599.0, 53841.0, 54716.0, 54756.0, 55040.0, 55890.0, 56659.0, 57393.0, 57835.0, 59341.0, 64284.0, 64855.0, 64866.0, 79054.0, 79674.0, 80036.0, 80045.0, 83742.0, 84216.0, 84329.0, 84418.0, 84513.0, 84876.0, 84962.0, 92162.0, 92359.0, 92421.0, 94120.0, 113235.0, 115273.0, 117247.0, 121260.0, 123041.0, 123904.0, 130271.0, 143662.0, 149461.0, 154091.0, 166929.0, 199920.0, 221074.0, 254428.0, 283349.0, 285489.0, 286530.0, 340061.0, 344905.0, 387700.0, 388588.0, 100128927.0, 100506658.0, 100507436.0 
GO:0005576 CC 6.86e-08  64/457  1318/18979 D02 extracellular region                     652.0, 729.0, 1071.0, 1285.0, 1286.0, 1296.0, 1297.0, 1356.0, 1513.0, 2153.0, 2162.0, 2192.0, 2324.0, 2444.0, 2517.0, 2799.0, 2878.0, 2882.0, 2950.0, 3053.0, 3485.0, 3490.0, 3913.0, 3931.0, 3953.0, 4016.0, 5176.0, 5228.0, 5322.0, 5618.0, 5627.0, 5919.0, 6422.0, 6614.0, 6649.0, 6691.0, 6692.0, 7044.0, 7045.0, 7078.0, 7276.0, 7481.0, 8547.0, 9518.0, 10577.0, 11174.0, 22795.0, 23627.0, 27076.0, 29969.0, 54097.0, 64866.0, 78989.0, 79887.0, 80310.0, 81567.0, 89944.0, 123904.0, 143662.0, 199699.0, 207063.0, 219348.0, 399888.0, 728464.0 
GO:0016323 CC 3.73e-07  20/457   219/18979 D04 basolateral plasma membrane              771.0, 1317.0, 2348.0, 3248.0, 3953.0, 6522.0, 6526.0, 7779.0, 9076.0, 9376.0, 28234.0, 57835.0, 64284.0, 84876.0, 113235.0, 117247.0, 149461.0, 153562.0, 254428.0, 387700.0 
GO:0005604 CC 4.21e-06  11/457    82/18979 D05 basement membrane                        1285.0, 1286.0, 1296.0, 2192.0, 3913.0, 4016.0, 5176.0, 7045.0, 7078.0, 22795.0, 64094.0 
GO:0062023 CC 2.42e-05  21/457   312/18979 D04 collagen-containing extracellular matrix 307.0, 1285.0, 1286.0, 1296.0, 1297.0, 2162.0, 2192.0, 3490.0, 3913.0, 4016.0, 5176.0, 5919.0, 6422.0, 6649.0, 7044.0, 7045.0, 7078.0, 8547.0, 9518.0, 22795.0, 23213.0 
GO:0033162 CC 6.97e-05   5/457    19/18979 D07 melanosome membrane                      4935.0, 4948.0, 7306.0, 10457.0, 23682.0 
GO:0005788 CC 8.95e-05  18/457   267/18979 D05 endoplasmic reticulum lumen              414.0, 652.0, 1285.0, 1286.0, 1296.0, 1297.0, 1356.0, 2153.0, 2882.0, 3053.0, 3490.0, 3913.0, 10956.0, 11098.0, 80310.0, 81567.0, 285203.0, 493869.0 
GO:0031526 CC 1.41e-04   7/457    48/18979 D05 brush border membrane                    2348.0, 5174.0, 6584.0, 10568.0, 53841.0, 57393.0, 113235.0 
GO:0005634 CC 6.72e-06  78/457  4912/18979 D05 nucleus                                  307.0, 1029.0, 1030.0, 2103.0, 2138.0, 2167.0, 2272.0, 2348.0, 2444.0, 2947.0, 2950.0, 3142.0, 3852.0, 3856.0, 4009.0, 4288.0, 4323.0, 4487.0, 5015.0, 5121.0, 5932.0, 5947.0, 6121.0, 6474.0, 6528.0, 6649.0, 6920.0, 6932.0, 6943.0, 7078.0, 7546.0, 7984.0, 8463.0, 8789.0, 9131.0, 9493.0, 9518.0, 9686.0, 9949.0, 10169.0, 10276.0, 10519.0, 10586.0, 10891.0, 11098.0, 11214.0, 11219.0, 23224.0, 23468.0, 26112.0, 26123.0, 29842.0, 29969.0, 51804.0, 54502.0, 54855.0, 55040.0, 56180.0, 57326.0, 57538.0, 57604.0, 58516.0, 63976.0, 64855.0, 64900.0, 80237.0, 83742.0, 83879.0, 84105.0, 84142.0, 84152.0, 84836.0, 84962.0, 91862.0, 116224.0, 149461.0, 157695.0, 100128927.0 
GO:0005654 CC 3.27e-05  55/457  3663/18979 D02 nucleoplasm                              393.0, 587.0, 1513.0, 2103.0, 2138.0, 2324.0, 2444.0, 2825.0, 3033.0, 3077.0, 3248.0, 3856.0, 4288.0, 4487.0, 5625.0, 5932.0, 5947.0, 6697.0, 6932.0, 6943.0, 7546.0, 7922.0, 7984.0, 8463.0, 9447.0, 9493.0, 9949.0, 10103.0, 10519.0, 10891.0, 23224.0, 23468.0, 25816.0, 27287.0, 54756.0, 54855.0, 55040.0, 55157.0, 57326.0, 63976.0, 64855.0, 79731.0, 80237.0, 83879.0, 84142.0, 84836.0, 84962.0, 116224.0, 130271.0, 166929.0, 285489.0, 340061.0, 348654.0, 353322.0, 100128927.0 
GO:0017147 MF 7.14e-06   7/457    31/18979 D03 Wnt-protein binding                      2535.0, 4041.0, 4920.0, 6422.0, 6425.0, 8323.0, 8325.0 
GO:0003723 MF 4.44e-06  10/457  1338/18979 D04 RNA binding                              48.0, 1029.0, 2138.0, 2886.0, 3875.0, 4288.0, 10891.0, 54502.0, 54855.0, 64397.0 
