GO:0009060 BP 4.64e-19  21/424    66/18979 D06 aerobic respiration                      158.0, 2647.0, 4695.0, 4696.0, 4701.0, 4702.0, 4713.0, 4714.0, 4716.0, 4719.0, 4720.0, 4722.0, 4723.0, 4728.0, 5018.0, 6391.0, 6834.0, 7384.0, 51079.0, 54539.0, 126328.0 
GO:0042776 BP 1.38e-15  18/424    63/18979 D13 proton motive force-driven mitochondrial ATP synthesis 4695.0, 4696.0, 4701.0, 4702.0, 4713.0, 4714.0, 4716.0, 4719.0, 4720.0, 4722.0, 4723.0, 4728.0, 6391.0, 9551.0, 30968.0, 51079.0, 54539.0, 126328.0 
GO:0032981 BP 1.01e-14  17/424    60/18979 D07 mitochondrial respiratory chain complex I assembly 4695.0, 4696.0, 4702.0, 4713.0, 4714.0, 4716.0, 4719.0, 4720.0, 4722.0, 4728.0, 5018.0, 25880.0, 25915.0, 51079.0, 54539.0, 126328.0, 284184.0 
GO:0032543 BP 2.55e-12  18/424    94/18979 D08 mitochondrial translation                740.0, 4701.0, 6183.0, 23107.0, 51081.0, 51253.0, 54998.0, 55168.0, 63875.0, 64928.0, 64951.0, 64979.0, 64981.0, 65003.0, 79590.0, 84545.0, 90480.0, 122704.0 
GO:0045333 BP 3.00e-11  12/424    39/18979 D05 cellular respiration                     1327.0, 1329.0, 1337.0, 1340.0, 1351.0, 1537.0, 4719.0, 7384.0, 10975.0, 29796.0, 93058.0, 205251.0 
GO:0006120 BP 1.96e-10  12/424    45/18979 D08 mitochondrial electron transport, NADH to ubiquinone 4695.0, 4696.0, 4701.0, 4702.0, 4713.0, 4714.0, 4716.0, 4719.0, 4720.0, 4722.0, 4723.0, 4728.0 
GO:0006888 BP 3.60e-10  17/424   110/18979 D06 endoplasmic reticulum to Golgi vesicle-mediated transport 1314.0, 7415.0, 10016.0, 10134.0, 11018.0, 11316.0, 22820.0, 23423.0, 27095.0, 29098.0, 29959.0, 51399.0, 51614.0, 51693.0, 54732.0, 222068.0, 553115.0 
GO:1902600 BP 5.37e-07  14/424   121/18979 D07 proton transmembrane transport           516.0, 517.0, 518.0, 533.0, 1327.0, 1329.0, 1340.0, 1351.0, 1537.0, 6834.0, 7384.0, 9551.0, 29796.0, 57282.0 
GO:0006886 BP 1.94e-06  19/424   239/18979 D07 intracellular protein transport          1211.0, 1314.0, 5878.0, 6396.0, 6447.0, 9784.0, 10016.0, 10245.0, 11018.0, 22818.0, 22820.0, 23423.0, 23647.0, 29916.0, 54732.0, 64374.0, 64792.0, 140823.0, 222068.0 
GO:0006122 BP 6.03e-06   5/424    13/18979 D08 mitochondrial electron transport, ubiquinol to cytochrome c 1537.0, 7384.0, 10975.0, 29796.0, 790955.0 
GO:0022900 BP 1.00e-05   8/424    48/18979 D04 electron transport chain                 231.0, 2936.0, 3420.0, 6834.0, 7264.0, 8574.0, 57019.0, 57215.0 
GO:0000387 BP 2.39e-05   6/424    27/18979 D07 spliceosomal snRNP assembly              6628.0, 6631.0, 6633.0, 10419.0, 25804.0, 79084.0 
GO:0005739 CC 4.94e-46 124/424  1300/18979 D05 mitochondrion                            211.0, 309.0, 384.0, 516.0, 740.0, 1327.0, 1329.0, 1337.0, 1340.0, 1351.0, 1537.0, 1716.0, 1743.0, 1891.0, 2109.0, 2537.0, 2806.0, 2876.0, 2879.0, 2936.0, 3028.0, 3420.0, 3735.0, 4696.0, 4701.0, 4702.0, 4713.0, 4714.0, 4719.0, 4720.0, 4722.0, 4723.0, 4728.0, 5018.0, 5160.0, 5245.0, 5315.0, 5692.0, 5694.0, 5987.0, 6391.0, 6834.0, 7284.0, 7314.0, 7384.0, 7416.0, 8402.0, 8574.0, 8733.0, 8834.0, 8878.0, 9054.0, 9551.0, 9997.0, 10102.0, 10134.0, 10456.0, 10899.0, 11331.0, 23107.0, 23464.0, 25813.0, 25824.0, 25875.0, 25880.0, 26517.0, 26519.0, 27166.0, 27440.0, 28958.0, 29960.0, 30968.0, 51004.0, 51079.0, 51142.0, 51204.0, 51253.0, 51603.0, 51706.0, 54539.0, 54936.0, 54977.0, 54995.0, 54998.0, 55168.0, 55177.0, 55178.0, 55794.0, 57019.0, 60493.0, 63875.0, 64928.0, 64979.0, 64981.0, 65003.0, 79077.0, 79590.0, 79594.0, 79693.0, 79810.0, 79979.0, 81889.0, 83982.0, 84266.0, 84300.0, 84545.0, 84681.0, 84881.0, 90480.0, 91689.0, 91875.0, 93058.0, 119559.0, 122509.0, 122704.0, 125988.0, 126328.0, 140823.0, 154791.0, 192286.0, 205251.0, 284184.0, 790955.0, 100188893.0 
GO:0005743 CC 6.56e-41  71/424   433/18979 D05 mitochondrial inner membrane             211.0, 516.0, 517.0, 518.0, 740.0, 1327.0, 1329.0, 1337.0, 1340.0, 1351.0, 1537.0, 2537.0, 4695.0, 4696.0, 4701.0, 4702.0, 4713.0, 4714.0, 4716.0, 4722.0, 4723.0, 5018.0, 5245.0, 6183.0, 6391.0, 7384.0, 8402.0, 8834.0, 9551.0, 9997.0, 10245.0, 10975.0, 11331.0, 23107.0, 23464.0, 25875.0, 25880.0, 25915.0, 26517.0, 26519.0, 28958.0, 29796.0, 30968.0, 51004.0, 51079.0, 51081.0, 51253.0, 54539.0, 54977.0, 54998.0, 55168.0, 63875.0, 64928.0, 64951.0, 64979.0, 64981.0, 65003.0, 79590.0, 84300.0, 84545.0, 90480.0, 91689.0, 93058.0, 119559.0, 122704.0, 125988.0, 126328.0, 192286.0, 205251.0, 283951.0, 790955.0 
GO:0005759 CC 1.86e-14  37/424   367/18979 D05 mitochondrial matrix                     211.0, 384.0, 1716.0, 1743.0, 2109.0, 2647.0, 2806.0, 2876.0, 2936.0, 3028.0, 3420.0, 3735.0, 4714.0, 4719.0, 4720.0, 4722.0, 4728.0, 5018.0, 5160.0, 9054.0, 9997.0, 10102.0, 10456.0, 23568.0, 25824.0, 27034.0, 29960.0, 54936.0, 55178.0, 60493.0, 81889.0, 84266.0, 84300.0, 84881.0, 90480.0, 91689.0, 91875.0 
GO:0005747 CC 7.52e-14  15/424    48/18979 D06 mitochondrial respiratory chain complex I 4695.0, 4696.0, 4701.0, 4702.0, 4713.0, 4714.0, 4716.0, 4719.0, 4720.0, 4722.0, 4723.0, 4728.0, 51079.0, 54539.0, 126328.0 
GO:0070062 CC 1.65e-12  89/424  1839/18979 D06 extracellular exosome                    47.0, 71.0, 191.0, 231.0, 309.0, 327.0, 334.0, 353.0, 439.0, 645.0, 1314.0, 1508.0, 1642.0, 1652.0, 1891.0, 2023.0, 2806.0, 2879.0, 2936.0, 3191.0, 3312.0, 3692.0, 4282.0, 4758.0, 4830.0, 4831.0, 5184.0, 5223.0, 5245.0, 5315.0, 5641.0, 5660.0, 5691.0, 5692.0, 5693.0, 5694.0, 5705.0, 5708.0, 5878.0, 6396.0, 6633.0, 6748.0, 7001.0, 7167.0, 7203.0, 7264.0, 7284.0, 7311.0, 7314.0, 7415.0, 7416.0, 8347.0, 8351.0, 8357.0, 8366.0, 8574.0, 8668.0, 8722.0, 8878.0, 10007.0, 10016.0, 10093.0, 10327.0, 10574.0, 10591.0, 10598.0, 10654.0, 11267.0, 23193.0, 25813.0, 25824.0, 29085.0, 29105.0, 51181.0, 51596.0, 51706.0, 51768.0, 54732.0, 55004.0, 64222.0, 66005.0, 84313.0, 92815.0, 112483.0, 121504.0, 254863.0, 553115.0, 554313.0, 100037417.0 
GO:0005789 CC 1.67e-09  53/424   968/18979 D04 endoplasmic reticulum membrane           267.0, 439.0, 1314.0, 1650.0, 1984.0, 2222.0, 6048.0, 6396.0, 6746.0, 6836.0, 7311.0, 7314.0, 7355.0, 7415.0, 8733.0, 9526.0, 9538.0, 10016.0, 10134.0, 10237.0, 10430.0, 10682.0, 10994.0, 11018.0, 11068.0, 11316.0, 22818.0, 22820.0, 22845.0, 23423.0, 23463.0, 25979.0, 29100.0, 50814.0, 51368.0, 51398.0, 51614.0, 51706.0, 54344.0, 54732.0, 54884.0, 55146.0, 58477.0, 60673.0, 81037.0, 83440.0, 83460.0, 84522.0, 92579.0, 94005.0, 94103.0, 94107.0, 222068.0 
GO:0005762 CC 2.44e-09  12/424    55/18979 D06 mitochondrial large ribosomal subunit    740.0, 51253.0, 55168.0, 63875.0, 64928.0, 64979.0, 64981.0, 65003.0, 79590.0, 84545.0, 90480.0, 122704.0 
GO:0005654 CC 1.60e-08 130/424  3663/18979 D02 nucleoplasm                              47.0, 211.0, 231.0, 353.0, 439.0, 645.0, 1327.0, 1642.0, 1743.0, 2101.0, 2644.0, 3191.0, 3276.0, 3312.0, 3692.0, 3704.0, 4282.0, 4720.0, 5245.0, 5432.0, 5437.0, 5441.0, 5531.0, 5691.0, 5692.0, 5693.0, 5694.0, 5699.0, 5704.0, 5705.0, 5708.0, 5715.0, 5719.0, 5987.0, 6118.0, 6209.0, 6396.0, 6612.0, 6628.0, 6631.0, 6633.0, 6827.0, 6923.0, 6945.0, 7311.0, 7314.0, 7353.0, 7355.0, 7389.0, 7391.0, 7415.0, 8270.0, 8347.0, 8351.0, 8357.0, 8366.0, 8576.0, 8815.0, 8878.0, 9054.0, 9533.0, 9587.0, 9636.0, 9730.0, 9913.0, 10016.0, 10102.0, 10419.0, 10467.0, 10572.0, 10670.0, 10775.0, 10916.0, 10978.0, 11267.0, 11316.0, 22827.0, 23016.0, 23464.0, 23568.0, 25804.0, 25875.0, 27166.0, 28989.0, 29085.0, 29098.0, 29105.0, 29959.0, 30834.0, 51042.0, 51079.0, 51504.0, 51529.0, 51647.0, 54432.0, 54936.0, 54998.0, 55170.0, 55272.0, 55505.0, 55794.0, 55954.0, 57019.0, 57215.0, 64682.0, 79077.0, 79084.0, 79142.0, 81889.0, 83443.0, 84305.0, 84313.0, 84316.0, 84881.0, 90480.0, 91582.0, 91689.0, 91875.0, 93973.0, 112950.0, 114049.0, 119559.0, 121504.0, 122704.0, 125988.0, 201254.0, 252969.0, 554313.0, 790955.0, 100134934.0 
GO:0005758 CC 2.33e-08  13/424    80/18979 D06 mitochondrial intermembrane space        2647.0, 4702.0, 4713.0, 4719.0, 10456.0, 23568.0, 26517.0, 26519.0, 27166.0, 30968.0, 51142.0, 57019.0, 84300.0 
GO:0000502 CC 2.45e-08  11/424    54/18979 D05 proteasome complex                       5691.0, 5692.0, 5693.0, 5694.0, 5699.0, 5704.0, 5705.0, 5708.0, 5719.0, 7415.0, 9690.0 
GO:0005783 CC 3.01e-07  48/424   977/18979 D05 endoplasmic reticulum                    267.0, 1650.0, 2222.0, 4714.0, 6048.0, 6388.0, 6746.0, 6748.0, 6836.0, 7311.0, 7355.0, 7415.0, 8722.0, 8733.0, 8878.0, 9538.0, 10016.0, 10134.0, 10328.0, 10330.0, 10456.0, 10598.0, 10682.0, 11018.0, 11068.0, 22820.0, 23423.0, 23463.0, 25870.0, 27095.0, 50814.0, 51368.0, 51399.0, 51614.0, 51693.0, 54344.0, 54732.0, 55146.0, 56005.0, 64222.0, 64374.0, 83440.0, 84522.0, 92579.0, 94103.0, 94107.0, 222068.0, 553115.0 
GO:0005761 CC 4.76e-07   7/424    23/18979 D07 mitochondrial ribosome                   740.0, 4701.0, 6183.0, 51253.0, 64981.0, 65003.0, 84545.0 
GO:0019774 CC 1.25e-06   5/424    10/18979 D02 proteasome core complex, beta-subunit complex 5691.0, 5692.0, 5693.0, 5694.0, 5699.0 
GO:0034709 CC 3.78e-06   5/424    12/18979 D05 methylosome                              3276.0, 6628.0, 6633.0, 10419.0, 79084.0 
GO:0030126 CC 6.03e-06   5/424    13/18979 D05 COPI vesicle coat                        1314.0, 11316.0, 22818.0, 22820.0, 23423.0 
GO:0005829 CC 1.55e-05 151/424  4965/18979 D02 cytosol                                  14.0, 47.0, 71.0, 158.0, 191.0, 211.0, 231.0, 267.0, 327.0, 353.0, 475.0, 645.0, 1211.0, 1314.0, 1327.0, 1635.0, 1716.0, 1725.0, 1743.0, 1891.0, 1984.0, 2023.0, 2644.0, 2647.0, 2876.0, 2879.0, 2936.0, 2987.0, 3191.0, 3276.0, 3312.0, 3692.0, 3704.0, 3735.0, 4282.0, 4723.0, 4830.0, 4831.0, 4946.0, 4947.0, 5223.0, 5315.0, 5432.0, 5437.0, 5441.0, 5531.0, 5631.0, 5691.0, 5692.0, 5693.0, 5694.0, 5699.0, 5704.0, 5705.0, 5708.0, 5715.0, 5719.0, 5987.0, 6132.0, 6209.0, 6396.0, 6628.0, 6633.0, 6836.0, 6923.0, 6945.0, 7001.0, 7167.0, 7203.0, 7264.0, 7311.0, 7314.0, 7353.0, 7389.0, 7415.0, 8347.0, 8574.0, 8576.0, 8668.0, 8733.0, 8772.0, 8815.0, 8878.0, 9054.0, 9533.0, 9538.0, 9636.0, 9784.0, 10007.0, 10016.0, 10093.0, 10134.0, 10327.0, 10419.0, 10564.0, 10574.0, 10591.0, 10598.0, 10654.0, 10670.0, 10916.0, 10978.0, 11258.0, 11267.0, 11316.0, 11337.0, 22818.0, 22820.0, 22954.0, 23016.0, 23568.0, 23647.0, 25804.0, 25824.0, 27018.0, 27095.0, 28989.0, 29085.0, 29098.0, 51181.0, 51368.0, 51399.0, 51504.0, 51529.0, 51603.0, 51647.0, 51693.0, 51706.0, 51734.0, 54859.0, 54914.0, 54995.0, 55111.0, 55181.0, 55330.0, 55794.0, 57215.0, 60673.0, 64682.0, 79077.0, 79084.0, 80776.0, 81889.0, 84299.0, 84305.0, 84313.0, 91582.0, 91875.0, 112770.0, 790955.0, 100131187.0 
GO:0005741 CC 3.03e-05  15/424   193/18979 D06 mitochondrial outer membrane             517.0, 518.0, 4580.0, 7284.0, 7311.0, 7314.0, 7416.0, 10456.0, 11331.0, 25813.0, 25875.0, 55177.0, 79594.0, 84681.0, 100188893.0 
GO:0005839 CC 3.66e-05   5/424    18/18979 D03 proteasome core complex                  5691.0, 5692.0, 5693.0, 5694.0, 5699.0 
GO:0005763 CC 6.64e-05   6/424    32/18979 D06 mitochondrial small ribosomal subunit    6183.0, 23107.0, 51081.0, 54998.0, 55168.0, 64951.0 
GO:1904813 CC 7.95e-05  11/424   120/18979 D05 ficolin-1-rich granule lumen             47.0, 327.0, 1508.0, 3312.0, 4282.0, 4831.0, 5223.0, 5315.0, 5708.0, 5719.0, 7415.0 
GO:0005751 CC 8.23e-05   5/424    21/18979 D05 mitochondrial respiratory chain complex IV 1327.0, 1329.0, 1337.0, 1340.0, 1351.0 
GO:0030133 CC 1.28e-04   9/424    86/18979 D07 transport vesicle                        1314.0, 6836.0, 11316.0, 22818.0, 22820.0, 23423.0, 25844.0, 54432.0, 54732.0 
GO:0005750 CC 1.50e-04   4/424    13/18979 D05 mitochondrial respiratory chain complex III 1537.0, 7384.0, 10975.0, 29796.0 
GO:0005736 CC 1.50e-04   4/424    13/18979 D08 RNA polymerase I complex                 5437.0, 5441.0, 9533.0, 30834.0 
GO:0035770 CC 3.61e-04   4/424    16/18979 D05 ribonucleoprotein granule                3191.0, 55794.0, 60493.0, 84881.0 
GO:0042645 CC 3.63e-04   6/424    43/18979 D05 mitochondrial nucleoid                   3028.0, 7284.0, 7416.0, 55794.0, 60493.0, 84300.0 
GO:0022624 CC 4.64e-04   4/424    17/18979 D02 proteasome accessory complex             5704.0, 5705.0, 5708.0, 5719.0 
GO:0000786 CC 4.67e-04   9/424   102/18979 D03 nucleosome                               3008.0, 8347.0, 8351.0, 8357.0, 8366.0, 10467.0, 92815.0, 121504.0, 554313.0 
GO:0035632 CC 4.98e-04   2/424     2/18979 D04 mitochondrial prohibitin complex         5245.0, 11331.0 
GO:0005838 CC 5.70e-04   3/424     8/18979 D02 proteasome regulatory particle           5708.0, 5715.0, 5719.0 
GO:0034774 CC 6.19e-04   9/424   106/18979 D06 secretory granule lumen                  353.0, 3312.0, 4282.0, 4831.0, 5223.0, 5315.0, 5708.0, 5719.0, 7415.0 
GO:0000276 CC 8.41e-04   3/424     9/18979 D05 mitochondrial proton-transporting ATP synthase complex, coupling factor F(o) 516.0, 517.0, 518.0 
GO:0008540 CC 8.41e-04   3/424     9/18979 D02 proteasome regulatory particle, base subcomplex 5704.0, 5705.0, 5708.0 
GO:0005753 CC 8.96e-04   4/424    20/18979 D06 mitochondrial proton-transporting ATP synthase complex 516.0, 517.0, 518.0, 9551.0 
GO:0005886 CC 2.57e-05  54/424  3910/18979 D03 plasma membrane                          14.0, 71.0, 334.0, 645.0, 1211.0, 1650.0, 2023.0, 2537.0, 2806.0, 3028.0, 3312.0, 3735.0, 4282.0, 4758.0, 5245.0, 5531.0, 5660.0, 5878.0, 6048.0, 6836.0, 7311.0, 7314.0, 7416.0, 8402.0, 8576.0, 8722.0, 8772.0, 8834.0, 10134.0, 10430.0, 10653.0, 10899.0, 11018.0, 11267.0, 11331.0, 11337.0, 23647.0, 25844.0, 29085.0, 29098.0, 30968.0, 51181.0, 51706.0, 51768.0, 54432.0, 55004.0, 55146.0, 57282.0, 79693.0, 83862.0, 84299.0, 84975.0, 94103.0, 124446.0 
GO:0005515 MF 9.16e-22 340/424 11089/18979 D02 protein binding                          14.0, 47.0, 71.0, 191.0, 211.0, 231.0, 267.0, 309.0, 327.0, 334.0, 353.0, 384.0, 439.0, 475.0, 516.0, 517.0, 518.0, 533.0, 645.0, 740.0, 741.0, 1164.0, 1211.0, 1314.0, 1327.0, 1329.0, 1337.0, 1351.0, 1508.0, 1537.0, 1635.0, 1642.0, 1650.0, 1725.0, 1743.0, 1891.0, 1984.0, 2023.0, 2101.0, 2109.0, 2222.0, 2537.0, 2644.0, 2647.0, 2879.0, 2987.0, 3008.0, 3028.0, 3191.0, 3276.0, 3312.0, 3692.0, 3735.0, 4282.0, 4580.0, 4696.0, 4701.0, 4702.0, 4713.0, 4716.0, 4719.0, 4720.0, 4722.0, 4723.0, 4728.0, 4758.0, 4830.0, 4831.0, 4946.0, 4947.0, 5018.0, 5160.0, 5184.0, 5223.0, 5245.0, 5315.0, 5432.0, 5441.0, 5531.0, 5631.0, 5660.0, 5691.0, 5692.0, 5693.0, 5694.0, 5699.0, 5704.0, 5705.0, 5708.0, 5715.0, 5878.0, 5987.0, 6048.0, 6118.0, 6132.0, 6183.0, 6209.0, 6391.0, 6396.0, 6447.0, 6612.0, 6628.0, 6631.0, 6633.0, 6746.0, 6827.0, 6834.0, 6836.0, 6923.0, 6945.0, 7001.0, 7167.0, 7203.0, 7264.0, 7284.0, 7311.0, 7314.0, 7353.0, 7355.0, 7384.0, 7389.0, 7391.0, 7415.0, 7416.0, 8270.0, 8347.0, 8351.0, 8357.0, 8366.0, 8402.0, 8574.0, 8576.0, 8668.0, 8733.0, 8772.0, 8815.0, 8834.0, 8878.0, 9054.0, 9526.0, 9533.0, 9538.0, 9587.0, 9636.0, 9690.0, 9730.0, 9784.0, 9836.0, 9913.0, 9997.0, 10007.0, 10016.0, 10093.0, 10102.0, 10134.0, 10237.0, 10245.0, 10327.0, 10328.0, 10330.0, 10419.0, 10430.0, 10456.0, 10467.0, 10564.0, 10572.0, 10574.0, 10591.0, 10598.0, 10654.0, 10670.0, 10682.0, 10775.0, 10916.0, 10978.0, 10994.0, 11018.0, 11068.0, 11258.0, 11267.0, 11316.0, 11331.0, 11337.0, 22820.0, 22827.0, 22845.0, 22954.0, 23016.0, 23107.0, 23158.0, 23193.0, 23463.0, 23568.0, 23647.0, 25804.0, 25813.0, 25824.0, 25844.0, 25870.0, 25875.0, 25880.0, 25911.0, 25915.0, 26517.0, 26519.0, 27018.0, 27095.0, 27166.0, 28958.0, 28989.0, 29085.0, 29100.0, 29105.0, 29777.0, 29796.0, 29916.0, 29934.0, 29959.0, 30834.0, 30968.0, 50814.0, 51004.0, 51016.0, 51042.0, 51079.0, 51142.0, 51181.0, 51204.0, 51255.0, 51368.0, 51398.0, 51399.0, 51504.0, 51529.0, 51596.0, 51603.0, 51614.0, 51647.0, 51693.0, 51706.0, 51734.0, 53918.0, 54344.0, 54432.0, 54539.0, 54732.0, 54914.0, 54936.0, 54987.0, 54998.0, 55004.0, 55011.0, 55039.0, 55041.0, 55111.0, 55146.0, 55170.0, 55177.0, 55178.0, 55181.0, 55272.0, 55330.0, 55505.0, 55954.0, 56005.0, 57019.0, 57215.0, 60493.0, 60673.0, 63875.0, 63905.0, 64374.0, 64979.0, 65003.0, 66005.0, 79077.0, 79084.0, 79142.0, 79594.0, 79693.0, 79763.0, 79810.0, 79979.0, 80776.0, 81037.0, 83443.0, 83460.0, 83862.0, 84266.0, 84279.0, 84299.0, 84300.0, 84305.0, 84309.0, 84313.0, 84316.0, 84336.0, 84522.0, 84545.0, 84881.0, 84975.0, 85014.0, 90480.0, 91582.0, 91689.0, 91875.0, 92815.0, 93973.0, 94005.0, 94103.0, 94107.0, 112483.0, 112950.0, 113246.0, 114049.0, 121504.0, 122509.0, 124446.0, 125988.0, 126328.0, 131616.0, 138716.0, 140606.0, 140823.0, 154467.0, 154791.0, 201254.0, 205251.0, 252839.0, 252969.0, 284184.0, 345757.0, 374882.0, 389541.0, 391356.0, 441150.0, 553115.0, 554313.0, 100134934.0, 100188893.0 
GO:0008137 MF 5.82e-11  12/424    41/18979 D07 NADH dehydrogenase (ubiquinone) activity 4695.0, 4696.0, 4701.0, 4702.0, 4713.0, 4714.0, 4716.0, 4719.0, 4720.0, 4722.0, 4723.0, 4728.0 
GO:0003735 MF 2.94e-09  19/424   159/18979 D02 structural constituent of ribosome       740.0, 4701.0, 6132.0, 6183.0, 6209.0, 7311.0, 51081.0, 51253.0, 55168.0, 55272.0, 63875.0, 64928.0, 64951.0, 64979.0, 64981.0, 65003.0, 79590.0, 84545.0, 122704.0 
GO:0009055 MF 3.04e-09  12/424    56/18979 D03 electron transfer activity               231.0, 2109.0, 2936.0, 3420.0, 4719.0, 4720.0, 4722.0, 6391.0, 7264.0, 8574.0, 10975.0, 57019.0 
GO:0032977 MF 1.21e-06   6/424    17/18979 D03 membrane insertase activity              439.0, 5018.0, 10328.0, 26519.0, 51016.0, 83460.0 
GO:0003723 MF 5.03e-06  56/424  1338/18979 D04 RNA binding                              327.0, 1984.0, 2023.0, 2806.0, 3008.0, 3028.0, 3191.0, 3276.0, 3312.0, 4830.0, 5315.0, 6132.0, 6183.0, 6209.0, 6628.0, 6631.0, 6633.0, 7203.0, 7284.0, 7415.0, 8366.0, 8402.0, 8668.0, 10102.0, 22827.0, 22954.0, 23016.0, 23193.0, 25804.0, 27079.0, 29105.0, 29777.0, 51081.0, 51253.0, 55178.0, 55272.0, 55505.0, 55794.0, 60493.0, 64928.0, 64951.0, 65003.0, 79590.0, 79810.0, 83443.0, 84305.0, 84309.0, 84545.0, 84881.0, 91582.0, 114049.0, 121504.0, 138716.0, 280636.0, 553115.0, 554313.0 
GO:0050178 MF 1.11e-05   3/424     3/18979 D05 phenylpyruvate tautomerase activity      1652.0, 4282.0, 100037417.0 
GO:0004129 MF 1.94e-05   5/424    16/18979 D06 cytochrome-c oxidase activity            1327.0, 1329.0, 1340.0, 1351.0, 6834.0 
GO:0019843 MF 2.61e-05   7/424    40/18979 D05 rRNA binding                             6132.0, 23107.0, 51081.0, 51204.0, 55272.0, 55794.0, 60493.0 
GO:0044020 MF 4.36e-05   3/424     4/18979 D08 histone H4R3 methyltransferase activity  3276.0, 10419.0, 55170.0 
GO:0046982 MF 8.71e-05  18/424   287/18979 D04 protein heterodimerization activity      5245.0, 6827.0, 6945.0, 7391.0, 8347.0, 8351.0, 8357.0, 8366.0, 9913.0, 10419.0, 10670.0, 11331.0, 51504.0, 92815.0, 114049.0, 121504.0, 553115.0, 554313.0 
GO:0031386 MF 1.05e-04   4/424    12/18979 D01 protein tag                              6612.0, 7311.0, 7314.0, 9636.0 
GO:0001054 MF 1.05e-04   4/424    12/18979 D08 RNA polymerase I activity                5437.0, 5441.0, 9533.0, 30834.0 
GO:0000978 MF 5.38e-05   5/424   935/18979 D09 RNA polymerase II cis-regulatory region sequence-specific DNA binding 6945.0, 7391.0, 8576.0, 57215.0, 112950.0 
