GO:0002181 BP 3.81e-138  68/129    88/18979 D08 cytoplasmic translation                  2197.0, 3921.0, 4736.0, 6122.0, 6124.0, 6125.0, 6128.0, 6129.0, 6130.0, 6133.0, 6134.0, 6135.0, 6136.0, 6137.0, 6139.0, 6141.0, 6142.0, 6143.0, 6144.0, 6146.0, 6147.0, 6152.0, 6154.0, 6155.0, 6156.0, 6157.0, 6159.0, 6160.0, 6161.0, 6164.0, 6165.0, 6167.0, 6168.0, 6169.0, 6170.0, 6171.0, 6173.0, 6181.0, 6188.0, 6189.0, 6191.0, 6193.0, 6194.0, 6201.0, 6202.0, 6203.0, 6204.0, 6205.0, 6206.0, 6207.0, 6208.0, 6210.0, 6218.0, 6222.0, 6223.0, 6224.0, 6227.0, 6228.0, 6229.0, 6230.0, 6232.0, 6233.0, 6235.0, 9045.0, 9349.0, 11224.0, 23521.0, 25873.0 
GO:0006412 BP 1.72e-112  69/129   166/18979 D07 translation                              2197.0, 3921.0, 4736.0, 6122.0, 6124.0, 6125.0, 6128.0, 6129.0, 6130.0, 6133.0, 6134.0, 6135.0, 6136.0, 6137.0, 6139.0, 6141.0, 6142.0, 6143.0, 6144.0, 6146.0, 6147.0, 6152.0, 6154.0, 6155.0, 6156.0, 6157.0, 6159.0, 6160.0, 6161.0, 6164.0, 6165.0, 6166.0, 6167.0, 6168.0, 6169.0, 6170.0, 6171.0, 6173.0, 6181.0, 6188.0, 6189.0, 6191.0, 6193.0, 6194.0, 6201.0, 6202.0, 6203.0, 6204.0, 6205.0, 6206.0, 6207.0, 6208.0, 6210.0, 6218.0, 6222.0, 6223.0, 6224.0, 6227.0, 6228.0, 6229.0, 6230.0, 6232.0, 6233.0, 6235.0, 9045.0, 9349.0, 11224.0, 23521.0, 25873.0 
GO:0006364 BP 1.49e-18  17/129   112/18979 D09 rRNA processing                          1736.0, 2091.0, 6125.0, 6129.0, 6135.0, 6154.0, 6155.0, 6165.0, 6194.0, 6201.0, 6218.0, 6223.0, 6229.0, 6230.0, 6232.0, 9045.0, 10436.0 
GO:0042274 BP 6.91e-13   8/129    21/18979 D05 ribosomal small subunit biogenesis       6194.0, 6201.0, 6203.0, 6218.0, 6223.0, 6229.0, 6230.0, 10436.0 
GO:0000028 BP 3.82e-08   5/129    15/18979 D07 ribosomal small subunit assembly         3921.0, 6193.0, 6208.0, 6223.0, 6232.0 
GO:0042273 BP 1.01e-07   6/129    34/18979 D05 ribosomal large subunit biogenesis       6125.0, 6129.0, 6135.0, 6154.0, 6165.0, 9045.0 
GO:0000027 BP 1.07e-07   5/129    18/18979 D07 ribosomal large subunit assembly         6125.0, 6128.0, 6134.0, 6135.0, 6147.0 
GO:1904667 BP 2.50e-07   4/129     9/18979 D11 negative regulation of ubiquitin protein ligase activity 6125.0, 6135.0, 6201.0, 9349.0 
GO:0006413 BP 1.73e-06   6/129    54/18979 D03 translational initiation                 1968.0, 1975.0, 6188.0, 6189.0, 6193.0, 6218.0 
GO:2000059 BP 4.53e-06   4/129    17/18979 D09 negative regulation of ubiquitin-dependent protein catabolic process 6125.0, 6135.0, 6201.0, 9349.0 
GO:0034101 BP 1.68e-05   3/129     8/18979 D05 erythrocyte homeostasis                  5052.0, 6218.0, 6229.0 
GO:1901798 BP 1.68e-05   3/129     8/18979 D08 positive regulation of signal transduction by p53 class mediator 6167.0, 6224.0, 9349.0 
GO:0022626 CC 1.97e-137  65/129    76/18979 D06 cytosolic ribosome                       2197.0, 3921.0, 4736.0, 6122.0, 6124.0, 6125.0, 6128.0, 6129.0, 6130.0, 6133.0, 6134.0, 6135.0, 6136.0, 6137.0, 6139.0, 6141.0, 6142.0, 6143.0, 6144.0, 6146.0, 6147.0, 6152.0, 6154.0, 6155.0, 6156.0, 6157.0, 6159.0, 6160.0, 6161.0, 6164.0, 6165.0, 6167.0, 6168.0, 6169.0, 6170.0, 6173.0, 6188.0, 6189.0, 6191.0, 6193.0, 6194.0, 6201.0, 6202.0, 6203.0, 6204.0, 6205.0, 6206.0, 6207.0, 6208.0, 6210.0, 6218.0, 6222.0, 6223.0, 6224.0, 6227.0, 6228.0, 6229.0, 6230.0, 6232.0, 6233.0, 9045.0, 9349.0, 11224.0, 23521.0, 25873.0 
GO:0022625 CC 7.67e-85  42/129    52/18979 D05 cytosolic large ribosomal subunit        4736.0, 6122.0, 6124.0, 6125.0, 6128.0, 6129.0, 6130.0, 6133.0, 6134.0, 6135.0, 6136.0, 6137.0, 6139.0, 6141.0, 6142.0, 6143.0, 6144.0, 6146.0, 6147.0, 6152.0, 6154.0, 6155.0, 6156.0, 6157.0, 6159.0, 6160.0, 6161.0, 6164.0, 6165.0, 6166.0, 6167.0, 6168.0, 6169.0, 6170.0, 6171.0, 6173.0, 6181.0, 9045.0, 9349.0, 11224.0, 23521.0, 25873.0 
GO:0022627 CC 1.82e-50  27/129    40/18979 D05 cytosolic small ribosomal subunit        2197.0, 3921.0, 6188.0, 6189.0, 6191.0, 6193.0, 6194.0, 6201.0, 6202.0, 6203.0, 6204.0, 6205.0, 6206.0, 6207.0, 6208.0, 6210.0, 6218.0, 6222.0, 6223.0, 6224.0, 6227.0, 6228.0, 6229.0, 6230.0, 6232.0, 6233.0, 6235.0 
GO:0042788 CC 2.15e-34  19/129    31/18979 D06 polysomal ribosome                       4736.0, 6128.0, 6130.0, 6135.0, 6141.0, 6142.0, 6143.0, 6152.0, 6156.0, 6160.0, 6161.0, 6169.0, 6170.0, 6171.0, 6173.0, 6227.0, 6228.0, 6235.0, 25873.0 
GO:0005840 CC 1.91e-31  19/129    40/18979 D05 ribosome                                 6133.0, 6155.0, 6173.0, 6188.0, 6191.0, 6193.0, 6201.0, 6203.0, 6204.0, 6205.0, 6207.0, 6218.0, 6222.0, 6223.0, 6228.0, 6230.0, 6232.0, 9349.0, 23521.0 
GO:0005925 CC 5.28e-30  36/129   412/18979 D05 focal adhesion                           2665.0, 4736.0, 6122.0, 6124.0, 6125.0, 6128.0, 6129.0, 6130.0, 6133.0, 6136.0, 6141.0, 6143.0, 6146.0, 6155.0, 6156.0, 6160.0, 6168.0, 6169.0, 6181.0, 6188.0, 6189.0, 6191.0, 6193.0, 6201.0, 6202.0, 6203.0, 6204.0, 6205.0, 6207.0, 6208.0, 6218.0, 6222.0, 6223.0, 6235.0, 9349.0, 23521.0 
GO:0005829 CC 1.38e-28  94/129  4965/18979 D02 cytosol                                  573.0, 1528.0, 1854.0, 1937.0, 1968.0, 1975.0, 2197.0, 2665.0, 3921.0, 4637.0, 4736.0, 5052.0, 5204.0, 5720.0, 6122.0, 6124.0, 6125.0, 6128.0, 6129.0, 6130.0, 6133.0, 6134.0, 6135.0, 6136.0, 6137.0, 6139.0, 6141.0, 6142.0, 6143.0, 6144.0, 6146.0, 6147.0, 6152.0, 6154.0, 6155.0, 6156.0, 6157.0, 6159.0, 6160.0, 6161.0, 6164.0, 6165.0, 6166.0, 6167.0, 6168.0, 6169.0, 6170.0, 6171.0, 6173.0, 6181.0, 6188.0, 6189.0, 6191.0, 6193.0, 6194.0, 6201.0, 6202.0, 6203.0, 6204.0, 6205.0, 6206.0, 6207.0, 6208.0, 6210.0, 6218.0, 6222.0, 6223.0, 6224.0, 6227.0, 6228.0, 6229.0, 6230.0, 6232.0, 6233.0, 6235.0, 6240.0, 6277.0, 6637.0, 7178.0, 8726.0, 8905.0, 9045.0, 9349.0, 11224.0, 23521.0, 25873.0, 25912.0, 51170.0, 57819.0, 84265.0, 84910.0, 92342.0, 150274.0, 401466.0 
GO:0005737 CC 7.54e-24  84/129  4453/18979 D02 cytoplasm                                573.0, 746.0, 1736.0, 1937.0, 1968.0, 2197.0, 2665.0, 3182.0, 3921.0, 4666.0, 4736.0, 5052.0, 5204.0, 5720.0, 6122.0, 6124.0, 6125.0, 6128.0, 6129.0, 6130.0, 6133.0, 6135.0, 6136.0, 6137.0, 6139.0, 6141.0, 6142.0, 6143.0, 6144.0, 6146.0, 6147.0, 6152.0, 6154.0, 6155.0, 6156.0, 6157.0, 6159.0, 6160.0, 6161.0, 6164.0, 6165.0, 6167.0, 6168.0, 6169.0, 6171.0, 6181.0, 6188.0, 6189.0, 6193.0, 6194.0, 6201.0, 6202.0, 6203.0, 6204.0, 6205.0, 6206.0, 6207.0, 6208.0, 6210.0, 6218.0, 6222.0, 6223.0, 6224.0, 6227.0, 6228.0, 6229.0, 6230.0, 6233.0, 6235.0, 6277.0, 7178.0, 8409.0, 9045.0, 9349.0, 10436.0, 11224.0, 23521.0, 25873.0, 51170.0, 55277.0, 57819.0, 124512.0, 150274.0, 170622.0 
GO:0005730 CC 1.06e-19  39/129   997/18979 D05 nucleolus                                1736.0, 2091.0, 6122.0, 6124.0, 6125.0, 6129.0, 6130.0, 6135.0, 6136.0, 6137.0, 6141.0, 6143.0, 6147.0, 6154.0, 6155.0, 6164.0, 6188.0, 6189.0, 6194.0, 6201.0, 6203.0, 6204.0, 6205.0, 6207.0, 6208.0, 6223.0, 6230.0, 6233.0, 9349.0, 10436.0, 11224.0, 23521.0, 25873.0, 27309.0, 64976.0, 92342.0, 125144.0, 401466.0, 677767.0 
GO:0016020 CC 6.90e-18  61/129  2895/18979 D02 membrane                                 573.0, 746.0, 1528.0, 1937.0, 2091.0, 2665.0, 3921.0, 4637.0, 4736.0, 6124.0, 6125.0, 6128.0, 6129.0, 6130.0, 6133.0, 6134.0, 6135.0, 6136.0, 6137.0, 6141.0, 6142.0, 6143.0, 6144.0, 6152.0, 6154.0, 6155.0, 6156.0, 6157.0, 6159.0, 6160.0, 6161.0, 6165.0, 6181.0, 6188.0, 6191.0, 6193.0, 6194.0, 6201.0, 6202.0, 6203.0, 6204.0, 6205.0, 6206.0, 6207.0, 6208.0, 6210.0, 6218.0, 6222.0, 6223.0, 6224.0, 6228.0, 6229.0, 6233.0, 9045.0, 9349.0, 11224.0, 23521.0, 25873.0, 25912.0, 51635.0, 84910.0 
GO:0015935 CC 1.13e-16   9/129    15/18979 D04 small ribosomal subunit                  2197.0, 6191.0, 6194.0, 6222.0, 6227.0, 6229.0, 6230.0, 6233.0, 6235.0 
GO:0070062 CC 1.85e-16  47/129  1839/18979 D06 extracellular exosome                    1854.0, 1937.0, 1968.0, 2091.0, 2665.0, 3921.0, 4637.0, 4736.0, 5052.0, 5720.0, 6122.0, 6124.0, 6125.0, 6135.0, 6136.0, 6146.0, 6147.0, 6152.0, 6154.0, 6155.0, 6156.0, 6160.0, 6164.0, 6165.0, 6168.0, 6181.0, 6188.0, 6189.0, 6191.0, 6193.0, 6202.0, 6203.0, 6205.0, 6207.0, 6208.0, 6210.0, 6222.0, 6223.0, 6224.0, 6230.0, 6233.0, 6235.0, 6277.0, 7178.0, 8804.0, 9045.0, 9349.0 
GO:0045202 CC 1.13e-14  23/129   424/18979 D03 synapse                                  2665.0, 6122.0, 6130.0, 6137.0, 6143.0, 6147.0, 6154.0, 6155.0, 6157.0, 6161.0, 6164.0, 6168.0, 6189.0, 6191.0, 6201.0, 6203.0, 6205.0, 6210.0, 6218.0, 6224.0, 6227.0, 9349.0, 23521.0 
GO:1990904 CC 1.74e-14  16/129   162/18979 D02 ribonucleoprotein complex                3182.0, 6124.0, 6125.0, 6129.0, 6146.0, 6154.0, 6155.0, 6188.0, 6189.0, 6191.0, 6193.0, 6194.0, 6201.0, 6202.0, 6203.0, 23521.0 
GO:0014069 CC 1.45e-08  13/129   248/18979 D04 postsynaptic density                     6128.0, 6129.0, 6136.0, 6156.0, 6169.0, 6188.0, 6207.0, 6208.0, 6222.0, 6223.0, 6230.0, 6232.0, 9045.0 
GO:0005654 CC 2.53e-07  50/129  3663/18979 D02 nucleoplasm                              573.0, 1736.0, 1854.0, 2091.0, 2197.0, 3182.0, 3921.0, 5436.0, 5720.0, 6125.0, 6135.0, 6154.0, 6155.0, 6188.0, 6189.0, 6191.0, 6193.0, 6194.0, 6201.0, 6202.0, 6203.0, 6204.0, 6205.0, 6206.0, 6207.0, 6208.0, 6210.0, 6218.0, 6222.0, 6223.0, 6224.0, 6227.0, 6228.0, 6229.0, 6230.0, 6232.0, 6233.0, 6235.0, 6637.0, 8409.0, 8726.0, 9349.0, 10436.0, 27309.0, 57819.0, 84265.0, 84844.0, 150274.0, 197370.0, 401466.0 
GO:0005634 CC 4.63e-07  60/129  4912/18979 D05 nucleus                                  573.0, 1736.0, 1854.0, 1937.0, 2091.0, 3182.0, 3921.0, 4666.0, 4736.0, 5052.0, 5204.0, 5436.0, 6122.0, 6124.0, 6125.0, 6128.0, 6129.0, 6130.0, 6133.0, 6134.0, 6137.0, 6139.0, 6141.0, 6146.0, 6147.0, 6155.0, 6156.0, 6166.0, 6168.0, 6188.0, 6189.0, 6194.0, 6201.0, 6202.0, 6203.0, 6207.0, 6222.0, 6229.0, 6230.0, 6232.0, 6233.0, 6277.0, 6637.0, 7178.0, 8409.0, 8726.0, 9263.0, 10436.0, 23412.0, 23521.0, 27309.0, 57819.0, 57862.0, 64976.0, 84265.0, 84844.0, 92342.0, 124512.0, 170622.0, 197370.0 
GO:0005783 CC 2.61e-06  21/129   977/18979 D05 endoplasmic reticulum                    746.0, 1937.0, 6125.0, 6134.0, 6137.0, 6141.0, 6144.0, 6152.0, 6157.0, 6164.0, 6166.0, 6171.0, 6173.0, 6188.0, 6189.0, 6194.0, 6202.0, 6228.0, 6229.0, 51060.0, 51170.0 
GO:0005791 CC 2.45e-05   5/129    51/18979 D06 rough endoplasmic reticulum              6124.0, 6128.0, 6141.0, 6227.0, 6228.0 
GO:0098556 CC 2.73e-04   2/129     4/18979 D05 cytoplasmic side of rough endoplasmic reticulum membrane 6155.0, 6235.0 
GO:0071011 CC 2.75e-04   3/129    19/18979 D04 precatalytic spliceosome                 6637.0, 57819.0, 84844.0 
GO:0005886 CC 8.78e-06   8/129  3910/18979 D03 plasma membrane                          3921.0, 6166.0, 6173.0, 6188.0, 6233.0, 6277.0, 9263.0, 80224.0 
GO:0003735 MF 3.72e-114  69/129   159/18979 D02 structural constituent of ribosome       2197.0, 3921.0, 4736.0, 6122.0, 6124.0, 6125.0, 6128.0, 6129.0, 6130.0, 6133.0, 6134.0, 6135.0, 6136.0, 6137.0, 6139.0, 6141.0, 6142.0, 6143.0, 6144.0, 6146.0, 6147.0, 6152.0, 6154.0, 6155.0, 6156.0, 6157.0, 6159.0, 6160.0, 6161.0, 6164.0, 6165.0, 6166.0, 6167.0, 6168.0, 6169.0, 6170.0, 6171.0, 6173.0, 6181.0, 6188.0, 6189.0, 6191.0, 6193.0, 6194.0, 6201.0, 6202.0, 6203.0, 6204.0, 6205.0, 6206.0, 6207.0, 6208.0, 6210.0, 6218.0, 6222.0, 6223.0, 6224.0, 6227.0, 6228.0, 6229.0, 6230.0, 6232.0, 6233.0, 6235.0, 9045.0, 9349.0, 11224.0, 23521.0, 25873.0 
GO:0003723 MF 6.91e-58  79/129  1338/18979 D04 RNA binding                              1736.0, 1854.0, 1975.0, 2091.0, 2197.0, 2665.0, 3182.0, 3921.0, 4736.0, 5052.0, 6122.0, 6124.0, 6125.0, 6128.0, 6129.0, 6130.0, 6133.0, 6134.0, 6135.0, 6136.0, 6137.0, 6139.0, 6141.0, 6142.0, 6143.0, 6144.0, 6146.0, 6147.0, 6152.0, 6154.0, 6155.0, 6156.0, 6157.0, 6159.0, 6160.0, 6161.0, 6164.0, 6165.0, 6167.0, 6168.0, 6169.0, 6170.0, 6171.0, 6173.0, 6188.0, 6189.0, 6191.0, 6193.0, 6194.0, 6201.0, 6202.0, 6203.0, 6204.0, 6205.0, 6206.0, 6207.0, 6208.0, 6210.0, 6218.0, 6222.0, 6223.0, 6224.0, 6227.0, 6228.0, 6229.0, 6230.0, 6232.0, 6233.0, 6637.0, 7178.0, 9045.0, 9349.0, 10436.0, 11224.0, 23521.0, 25873.0, 57819.0, 64976.0, 84844.0 
GO:1990948 MF 2.43e-12   6/129     8/18979 D05 ubiquitin ligase inhibitor activity      6125.0, 6135.0, 6167.0, 6201.0, 6224.0, 9349.0 
GO:0019843 MF 5.34e-12   9/129    40/18979 D05 rRNA binding                             6133.0, 6147.0, 6167.0, 6191.0, 6193.0, 6203.0, 6205.0, 6222.0, 10436.0 
GO:0048027 MF 2.47e-10   7/129    25/18979 D06 mRNA 5'-UTR binding                      6125.0, 6154.0, 6171.0, 6189.0, 6201.0, 6207.0, 6208.0 
GO:0005515 MF 1.21e-07 104/129 11089/18979 D02 protein binding                          573.0, 746.0, 1528.0, 1736.0, 1854.0, 1937.0, 1968.0, 1975.0, 2091.0, 2197.0, 2665.0, 3182.0, 3921.0, 4637.0, 4736.0, 5052.0, 5204.0, 5279.0, 5436.0, 5720.0, 6122.0, 6124.0, 6125.0, 6128.0, 6129.0, 6130.0, 6133.0, 6134.0, 6135.0, 6136.0, 6137.0, 6139.0, 6141.0, 6142.0, 6143.0, 6144.0, 6146.0, 6147.0, 6152.0, 6154.0, 6155.0, 6156.0, 6157.0, 6160.0, 6164.0, 6165.0, 6166.0, 6168.0, 6169.0, 6171.0, 6173.0, 6181.0, 6188.0, 6189.0, 6191.0, 6193.0, 6194.0, 6201.0, 6202.0, 6203.0, 6204.0, 6205.0, 6206.0, 6207.0, 6208.0, 6210.0, 6222.0, 6223.0, 6224.0, 6227.0, 6228.0, 6230.0, 6232.0, 6233.0, 6240.0, 6277.0, 6637.0, 7178.0, 8409.0, 8726.0, 8905.0, 9045.0, 9349.0, 10436.0, 23412.0, 26175.0, 27309.0, 51060.0, 51170.0, 51635.0, 54543.0, 57819.0, 57820.0, 57862.0, 64976.0, 80224.0, 84265.0, 84844.0, 92342.0, 124512.0, 150274.0, 170622.0, 197370.0, 100128731.0 
GO:0070181 MF 3.56e-05   3/129    10/18979 D06 small ribosomal subunit rRNA binding     6188.0, 6207.0, 6208.0 
GO:0008097 MF 3.56e-05   3/129    10/18979 D06 5S rRNA binding                          6122.0, 6125.0, 6135.0 
GO:0045182 MF 3.68e-05   4/129    28/18979 D01 translation regulator activity           6134.0, 6203.0, 6208.0, 92342.0 
GO:0045296 MF 5.04e-05  10/129   309/18979 D04 cadherin binding                         1937.0, 1968.0, 5052.0, 6128.0, 6130.0, 6147.0, 6152.0, 6159.0, 6164.0, 9045.0 
GO:0003729 MF 5.89e-05   8/129   196/18979 D05 mRNA binding                             3182.0, 6129.0, 6152.0, 6188.0, 6193.0, 6207.0, 11224.0, 23521.0 
