GO:0035249 BP 8.38e-09  13/789    42/18979 D09 synaptic transmission, glutamatergic     135.0, 1006.0, 2131.0, 2890.0, 2891.0, 2892.0, 2900.0, 2901.0, 2903.0, 2904.0, 7143.0, 57030.0, 254263.0 
GO:0048168 BP 1.02e-08  10/789    23/18979 D08 regulation of neuronal synaptic plasticity 815.0, 1627.0, 2903.0, 2904.0, 9241.0, 23154.0, 23237.0, 26012.0, 79772.0, 93650.0 
GO:0007268 BP 1.30e-07  27/789   206/18979 D08 chemical synaptic transmission           777.0, 783.0, 1740.0, 1741.0, 2562.0, 2890.0, 2891.0, 2900.0, 2903.0, 2904.0, 3350.0, 3359.0, 3360.0, 3751.0, 3780.0, 4885.0, 5100.0, 5582.0, 5594.0, 9495.0, 22829.0, 22871.0, 26050.0, 50488.0, 56126.0, 56133.0, 57502.0 
GO:0050804 BP 1.75e-07  15/789    71/18979 D06 modulation of chemical synaptic transmission 1009.0, 2890.0, 2891.0, 2892.0, 2900.0, 2901.0, 5100.0, 5530.0, 5786.0, 9912.0, 22829.0, 22871.0, 23237.0, 57502.0, 79012.0 
GO:0060291 BP 1.30e-06  11/789    44/18979 D08 long-term synaptic potentiation          2185.0, 2903.0, 2904.0, 5582.0, 5594.0, 7143.0, 9241.0, 10636.0, 10769.0, 23237.0, 347730.0 
GO:0035235 BP 1.64e-06   8/789    22/18979 D07 ionotropic glutamate receptor signaling pathway 2185.0, 2890.0, 2891.0, 2892.0, 2900.0, 2901.0, 2903.0, 2904.0 
GO:0098839 CC 2.86e-11  22/789    94/18979 D06 postsynaptic density membrane            1630.0, 1740.0, 1741.0, 2043.0, 2890.0, 2891.0, 2892.0, 2900.0, 2901.0, 2903.0, 2904.0, 9890.0, 10505.0, 22829.0, 22865.0, 23237.0, 57502.0, 58489.0, 59283.0, 81831.0, 254263.0, 388336.0 
GO:0098978 CC 2.23e-10  46/789   392/18979 D04 glutamatergic synapse                    60.0, 135.0, 136.0, 163.0, 409.0, 1006.0, 1009.0, 1268.0, 1627.0, 1741.0, 2043.0, 2185.0, 2890.0, 2901.0, 2903.0, 3208.0, 3751.0, 4885.0, 4916.0, 5100.0, 5530.0, 5534.0, 7087.0, 7143.0, 8831.0, 8976.0, 9722.0, 9890.0, 9912.0, 10109.0, 10505.0, 10636.0, 10814.0, 11329.0, 22866.0, 22871.0, 23237.0, 23467.0, 57406.0, 58489.0, 79012.0, 81831.0, 84631.0, 93664.0, 139065.0, 254263.0 
GO:0014069 CC 9.46e-10  34/789   248/18979 D04 postsynaptic density                     135.0, 375.0, 409.0, 815.0, 832.0, 1627.0, 1740.0, 1838.0, 2185.0, 2890.0, 2891.0, 2903.0, 2904.0, 3751.0, 5582.0, 6654.0, 8440.0, 8831.0, 9495.0, 9912.0, 10006.0, 10486.0, 10636.0, 22871.0, 23229.0, 23413.0, 26012.0, 26037.0, 50488.0, 57554.0, 59283.0, 81831.0, 254263.0, 388336.0 
GO:0005886 CC 2.45e-09 232/789  3910/18979 D03 plasma membrane                          60.0, 135.0, 136.0, 146.0, 157.0, 163.0, 288.0, 375.0, 409.0, 479.0, 488.0, 540.0, 680.0, 777.0, 783.0, 801.0, 1006.0, 1009.0, 1268.0, 1608.0, 1630.0, 1734.0, 1740.0, 1741.0, 1804.0, 1838.0, 1952.0, 2043.0, 2044.0, 2258.0, 2558.0, 2562.0, 2776.0, 2786.0, 2835.0, 2845.0, 2849.0, 2850.0, 2890.0, 2891.0, 2892.0, 2900.0, 2901.0, 2903.0, 2904.0, 3350.0, 3359.0, 3360.0, 3595.0, 3676.0, 3680.0, 3751.0, 3760.0, 3763.0, 3770.0, 3780.0, 3781.0, 3815.0, 4061.0, 4062.0, 4142.0, 4284.0, 4482.0, 4771.0, 4916.0, 4952.0, 4992.0, 5100.0, 5318.0, 5530.0, 5578.0, 5581.0, 5582.0, 5594.0, 5602.0, 5786.0, 5791.0, 5818.0, 5912.0, 6091.0, 6262.0, 6272.0, 6329.0, 6334.0, 6541.0, 6559.0, 6567.0, 6654.0, 6752.0, 6754.0, 7087.0, 7223.0, 7224.0, 7275.0, 7287.0, 7473.0, 7499.0, 7809.0, 7879.0, 7881.0, 8128.0, 8437.0, 8447.0, 8496.0, 8527.0, 8573.0, 8590.0, 8648.0, 8660.0, 8776.0, 8831.0, 8976.0, 9362.0, 9466.0, 9495.0, 9515.0, 9545.0, 9610.0, 9732.0, 9856.0, 9890.0, 10073.0, 10076.0, 10242.0, 10267.0, 10486.0, 10505.0, 10636.0, 10652.0, 10887.0, 10888.0, 22829.0, 22865.0, 22866.0, 22871.0, 22979.0, 23001.0, 23094.0, 23179.0, 23214.0, 23237.0, 23327.0, 23329.0, 23368.0, 23413.0, 23504.0, 23531.0, 23670.0, 23732.0, 26012.0, 26037.0, 26050.0, 26090.0, 26251.0, 27124.0, 27145.0, 29967.0, 29986.0, 54997.0, 55103.0, 55512.0, 55800.0, 55915.0, 55959.0, 55966.0, 56097.0, 56107.0, 56126.0, 56133.0, 56144.0, 57030.0, 57172.0, 57406.0, 57419.0, 57449.0, 57451.0, 57476.0, 57492.0, 57502.0, 57526.0, 58489.0, 58513.0, 59283.0, 64096.0, 64762.0, 65217.0, 79012.0, 79109.0, 79290.0, 79720.0, 79827.0, 79888.0, 80328.0, 80329.0, 80774.0, 81618.0, 81693.0, 83698.0, 83874.0, 84631.0, 84879.0, 85004.0, 85021.0, 91608.0, 91752.0, 94122.0, 115557.0, 116372.0, 123745.0, 130612.0, 134111.0, 139065.0, 142684.0, 144402.0, 146206.0, 157753.0, 160851.0, 164633.0, 196051.0, 219771.0, 221002.0, 221061.0, 254778.0, 266727.0, 283455.0, 285220.0, 285513.0, 338755.0, 339390.0, 374868.0, 400451.0, 728215.0 
GO:0032281 CC 4.22e-08  10/789    26/18979 D07 AMPA glutamate receptor complex          1741.0, 2890.0, 2891.0, 2892.0, 26090.0, 57406.0, 59283.0, 149111.0, 254263.0, 388336.0 
GO:0043197 CC 2.64e-07  22/789   150/18979 D06 dendritic spine                          409.0, 815.0, 2043.0, 2185.0, 2890.0, 2891.0, 2892.0, 2903.0, 3751.0, 3781.0, 5530.0, 9371.0, 9495.0, 9912.0, 10636.0, 22871.0, 23237.0, 26037.0, 57451.0, 58489.0, 91752.0, 254263.0 
GO:0030425 CC 4.00e-06  38/789   410/18979 D05 dendrite                                 135.0, 288.0, 1627.0, 1838.0, 2043.0, 2044.0, 2185.0, 2258.0, 2890.0, 2891.0, 2901.0, 3350.0, 3360.0, 3770.0, 5100.0, 5582.0, 5818.0, 7224.0, 9362.0, 9371.0, 9912.0, 10505.0, 10636.0, 10769.0, 10814.0, 11130.0, 22871.0, 23154.0, 23413.0, 26012.0, 50488.0, 57451.0, 57502.0, 80262.0, 118813.0, 149111.0, 254263.0, 285220.0 
GO:0045211 CC 1.62e-05  20/789   164/18979 D05 postsynaptic membrane                    135.0, 288.0, 409.0, 1627.0, 1756.0, 2562.0, 2903.0, 2904.0, 3359.0, 3751.0, 4916.0, 5100.0, 22871.0, 57406.0, 57451.0, 57554.0, 93650.0, 149111.0, 254263.0, 388336.0 
GO:0045202 CC 2.09e-05  37/789   424/18979 D03 synapse                                  60.0, 777.0, 816.0, 1124.0, 1756.0, 1838.0, 2131.0, 2558.0, 2562.0, 2776.0, 3350.0, 3359.0, 3360.0, 3780.0, 4062.0, 5581.0, 5594.0, 7287.0, 8447.0, 9815.0, 22829.0, 22871.0, 23085.0, 23504.0, 23732.0, 26012.0, 26050.0, 26999.0, 56126.0, 56133.0, 57451.0, 57502.0, 65217.0, 92906.0, 116372.0, 149111.0, 254263.0 
GO:0098985 CC 4.16e-05   4/789     6/18979 D06 asymmetric, glutamatergic, excitatory synapse 22829.0, 22871.0, 57502.0, 388336.0 
GO:0043005 CC 5.86e-05  28/789   299/18979 D04 neuron projection                        288.0, 375.0, 680.0, 815.0, 816.0, 1740.0, 1741.0, 2258.0, 2558.0, 2562.0, 2904.0, 3359.0, 3780.0, 4771.0, 6091.0, 6752.0, 6754.0, 10109.0, 10677.0, 22866.0, 26012.0, 26999.0, 57030.0, 57172.0, 57451.0, 64919.0, 121278.0, 135138.0 
GO:0008287 CC 9.38e-05   4/789     7/18979 D04 protein serine/threonine phosphatase complex 5530.0, 5534.0, 9495.0, 57718.0 
GO:0098685 CC 1.21e-04  13/789    93/18979 D04 Schaffer collateral - CA1 synapse        60.0, 136.0, 832.0, 1009.0, 1630.0, 2043.0, 2185.0, 5100.0, 5530.0, 5534.0, 5786.0, 7143.0, 8573.0 
GO:0034704 CC 3.58e-04   6/789    24/18979 D06 calcium channel complex                  801.0, 2281.0, 6262.0, 6263.0, 7223.0, 7224.0 
GO:0070062 CC 2.74e-04  48/789  1839/18979 D06 extracellular exosome                    60.0, 375.0, 781.0, 832.0, 1009.0, 2762.0, 2776.0, 2786.0, 3676.0, 4300.0, 4482.0, 4522.0, 5510.0, 5578.0, 5768.0, 5786.0, 5912.0, 6559.0, 7453.0, 7473.0, 7879.0, 8344.0, 8428.0, 8976.0, 9362.0, 9371.0, 9545.0, 10006.0, 10109.0, 10552.0, 22866.0, 23327.0, 23576.0, 23670.0, 26251.0, 26999.0, 50488.0, 54622.0, 55777.0, 57180.0, 79720.0, 80336.0, 81618.0, 81693.0, 83874.0, 92597.0, 144402.0, 346007.0 
GO:0005509 MF 4.17e-06  50/789   608/18979 D05 calcium ion binding                      488.0, 777.0, 801.0, 1006.0, 1009.0, 1608.0, 1952.0, 2820.0, 3208.0, 3423.0, 4753.0, 5100.0, 5530.0, 5534.0, 5624.0, 6262.0, 6263.0, 6586.0, 8447.0, 9362.0, 23413.0, 23670.0, 26256.0, 51760.0, 54997.0, 55784.0, 55959.0, 56097.0, 56107.0, 56126.0, 56133.0, 56144.0, 57451.0, 57526.0, 58513.0, 65217.0, 79085.0, 79772.0, 79825.0, 79888.0, 83698.0, 85021.0, 123745.0, 147372.0, 162494.0, 164633.0, 170392.0, 283748.0, 346007.0, 374786.0 
GO:0004683 MF 2.06e-05   7/789    22/18979 D07 calmodulin-dependent protein kinase activity 815.0, 816.0, 2185.0, 8550.0, 57118.0, 57172.0, 79012.0 
GO:0099507 MF 2.83e-05   6/789    16/18979 D08 ligand-gated monoatomic ion channel activity involved in regulation of presynaptic membrane potential 2558.0, 2890.0, 2892.0, 2900.0, 2901.0, 2904.0 
GO:0003723 MF 1.63e-07  22/789  1338/18979 D04 RNA binding                              375.0, 1478.0, 1981.0, 3838.0, 4850.0, 7528.0, 10658.0, 10659.0, 10992.0, 23089.0, 23112.0, 23369.0, 27254.0, 51729.0, 54715.0, 55225.0, 56107.0, 56902.0, 79707.0, 84916.0, 92906.0, 122402.0 
