GO:0035195 BP 1.32e-09 37/3149    82/18979 D09 miRNA-mediated gene silencing            4686.0, 126374.0, 406893.0, 406911.0, 406962.0, 407006.0, 407011.0, 407019.0, 407046.0, 407055.0, 442893.0, 574435.0, 574444.0, 693141.0, 693147.0, 693148.0, 693154.0, 693158.0, 693161.0, 693163.0, 693166.0, 693175.0, 693182.0, 693186.0, 693190.0, 693201.0, 693209.0, 724024.0, 100126297.0, 100126313.0, 100126343.0, 100302150.0, 100423036.0, 100500828.0, 100616354.0, 102238594.0, 107075116.0 
GO:0006396 BP 3.10e-06 69/3149   242/18979 D07 RNA processing                           5935.0, 6041.0, 6082.0, 8761.0, 26773.0, 26782.0, 26783.0, 26785.0, 26789.0, 26791.0, 26795.0, 26816.0, 26817.0, 26822.0, 51013.0, 84973.0, 116938.0, 130951.0, 283596.0, 574040.0, 594837.0, 594838.0, 619499.0, 641451.0, 677679.0, 677681.0, 677765.0, 677778.0, 677780.0, 677792.0, 677794.0, 677805.0, 677823.0, 677826.0, 677843.0, 677845.0, 677882.0, 692058.0, 692075.0, 692108.0, 692109.0, 692110.0, 692111.0, 692212.0, 767567.0, 767581.0, 767582.0, 767589.0, 767593.0, 767604.0, 767608.0, 100033422.0, 100033423.0, 100033437.0, 100033440.0, 100033454.0, 100033804.0, 100033805.0, 100033807.0, 100124539.0, 100506409.0, 109616967.0, 109616974.0, 109616999.0, 109617000.0, 109617009.0, 109617012.0, 109617020.0, 109617024.0 
GO:0006886 BP 6.07e-08 12/3149   239/18979 D07 intracellular protein transport          8675.0, 9482.0, 10311.0, 23557.0, 29090.0, 57589.0, 63894.0, 84084.0, 84958.0, 146456.0, 169166.0, 100506084.0 
GO:0007165 BP 8.35e-08 95/3149   912/18979 D04 signal transduction                      114.0, 797.0, 947.0, 1135.0, 1138.0, 1143.0, 1145.0, 1490.0, 2099.0, 2256.0, 2570.0, 3483.0, 3579.0, 3588.0, 3594.0, 3822.0, 4192.0, 4301.0, 4599.0, 4922.0, 4929.0, 4994.0, 4995.0, 5152.0, 5179.0, 5317.0, 5443.0, 5564.0, 5587.0, 5598.0, 5608.0, 5797.0, 5915.0, 5957.0, 6013.0, 6769.0, 6789.0, 7060.0, 7075.0, 7434.0, 7436.0, 7784.0, 8190.0, 8394.0, 8439.0, 8717.0, 8817.0, 8839.0, 8840.0, 8909.0, 9048.0, 9231.0, 9308.0, 9402.0, 9626.0, 9943.0, 10144.0, 10270.0, 10326.0, 10526.0, 10562.0, 10750.0, 10850.0, 10911.0, 23421.0, 25903.0, 26281.0, 26548.0, 26659.0, 26664.0, 29126.0, 29992.0, 54207.0, 55258.0, 55584.0, 56940.0, 57053.0, 57447.0, 57758.0, 59307.0, 79822.0, 89832.0, 89839.0, 131450.0, 131890.0, 138881.0, 146225.0, 152189.0, 162998.0, 257313.0, 284415.0, 284467.0, 346389.0, 401387.0, 644943.0 
GO:0007420 BP 3.56e-07 13/3149   235/18979 D04 brain development                        1959.0, 2009.0, 4838.0, 5456.0, 5649.0, 5997.0, 7080.0, 9001.0, 9289.0, 10100.0, 10991.0, 63826.0, 80714.0 
GO:0030036 BP 6.56e-07  5/3149   148/18979 D06 actin cytoskeleton organization          2035.0, 2275.0, 55785.0, 57381.0, 85464.0 
GO:0016192 BP 8.77e-06  7/3149   152/18979 D04 vesicle-mediated transport               9882.0, 22879.0, 51622.0, 84932.0, 89781.0, 221960.0, 100506084.0 
GO:0006468 BP 1.40e-05 49/3149   500/18979 D06 protein phosphorylation                  332.0, 545.0, 650.0, 699.0, 983.0, 984.0, 1459.0, 1906.0, 2534.0, 2986.0, 3364.0, 3486.0, 4693.0, 4914.0, 5163.0, 5564.0, 5608.0, 6011.0, 6041.0, 6482.0, 6787.0, 6789.0, 6790.0, 6795.0, 6874.0, 6882.0, 6883.0, 6908.0, 7075.0, 7294.0, 7535.0, 8569.0, 8859.0, 9020.0, 9113.0, 9641.0, 9943.0, 23043.0, 57147.0, 65061.0, 79834.0, 83860.0, 131890.0, 150094.0, 283629.0, 284086.0, 344387.0, 494551.0, 728642.0 
GO:0045893 BP 1.51e-05 66/3149   626/18979 D10 positive regulation of DNA-templated transcription 348.0, 468.0, 641.0, 650.0, 1950.0, 1958.0, 1959.0, 2099.0, 2295.0, 2305.0, 2521.0, 2660.0, 2735.0, 2737.0, 3398.0, 3621.0, 4192.0, 4693.0, 4855.0, 5092.0, 6659.0, 6664.0, 6787.0, 6874.0, 6883.0, 7026.0, 7080.0, 7428.0, 7704.0, 7784.0, 7849.0, 8091.0, 8631.0, 9125.0, 9506.0, 9830.0, 9935.0, 9967.0, 10629.0, 10664.0, 11036.0, 22809.0, 23090.0, 23210.0, 23429.0, 50943.0, 54345.0, 54361.0, 55795.0, 64321.0, 64324.0, 79081.0, 79902.0, 80317.0, 80714.0, 81606.0, 83595.0, 84159.0, 84851.0, 112869.0, 151449.0, 163732.0, 196446.0, 222546.0, 284058.0, 392255.0 
GO:0006914 BP 1.60e-05  6/3149   139/18979 D04 autophagy                                9001.0, 9779.0, 10533.0, 29919.0, 80317.0, 83734.0 
GO:0006974 BP 1.94e-05 20/3149   266/18979 D04 DNA damage response                      142.0, 545.0, 641.0, 1161.0, 1663.0, 3014.0, 3364.0, 5888.0, 6787.0, 8812.0, 27086.0, 28992.0, 50485.0, 51514.0, 55388.0, 58493.0, 78995.0, 245711.0, 253461.0, 340485.0 
GO:0042981 BP 2.11e-05  9/3149   165/18979 D06 regulation of apoptotic process          330.0, 581.0, 1958.0, 7849.0, 9231.0, 29775.0, 84132.0, 340485.0, 440603.0 
GO:0051056 BP 2.16e-05  4/3149   114/18979 D07 regulation of small GTPase mediated signal transduction 10144.0, 79822.0, 89839.0, 128272.0 
GO:0006511 BP 3.92e-05 17/3149   232/18979 D08 ubiquitin-dependent protein catabolic process 6478.0, 7327.0, 7375.0, 8287.0, 9098.0, 9246.0, 11274.0, 50613.0, 51514.0, 54894.0, 57478.0, 84132.0, 84727.0, 143630.0, 147339.0, 283219.0, 378925.0 
GO:0043161 BP 4.39e-05 13/3149   197/18979 D09 proteasome-mediated ubiquitin-dependent protein catabolic process 1161.0, 3429.0, 5094.0, 6478.0, 6790.0, 7126.0, 9928.0, 51035.0, 51514.0, 54476.0, 55968.0, 84727.0, 283807.0 
GO:0006338 BP 4.43e-05 10/3149   171/18979 D05 chromatin remodeling                     2074.0, 2099.0, 8284.0, 8438.0, 10629.0, 23429.0, 25788.0, 50485.0, 50943.0, 55693.0 
GO:0016567 BP 5.16e-05 34/3149   369/18979 D08 protein ubiquitination                   2534.0, 4210.0, 4693.0, 6478.0, 7126.0, 7316.0, 7428.0, 7704.0, 8647.0, 9830.0, 10966.0, 25879.0, 26260.0, 50717.0, 51530.0, 54894.0, 55070.0, 83461.0, 84727.0, 84851.0, 90293.0, 93082.0, 140458.0, 140460.0, 140462.0, 140825.0, 282808.0, 283219.0, 283807.0, 284023.0, 286151.0, 317719.0, 375593.0, 391712.0 
GO:0060271 BP 5.73e-05 15/3149   213/18979 D07 cilium assembly                          3175.0, 5314.0, 9342.0, 22885.0, 23059.0, 26146.0, 54903.0, 56912.0, 64518.0, 80210.0, 84902.0, 85462.0, 90410.0, 112752.0, 146279.0 
GO:0071222 BP 7.25e-05  7/3149   138/18979 D06 cellular response to lipopolysaccharide  383.0, 445.0, 2672.0, 10270.0, 29126.0, 54623.0, 129607.0 
GO:0000209 BP 7.72e-05  8/3149   147/18979 D09 protein polyubiquitination               1161.0, 8658.0, 9246.0, 9666.0, 23328.0, 51514.0, 55128.0, 80351.0 
GO:0050821 BP 7.86e-05 14/3149   200/18979 D04 protein stabilization                    482.0, 1828.0, 6659.0, 6789.0, 7428.0, 56912.0, 57733.0, 64175.0, 64321.0, 80185.0, 89781.0, 125150.0, 126074.0, 406893.0 
GO:0006915 BP 9.06e-05 52/3149   499/18979 D04 apoptotic process                        142.0, 247.0, 330.0, 332.0, 581.0, 699.0, 983.0, 984.0, 1459.0, 3429.0, 3486.0, 4082.0, 4171.0, 4599.0, 5272.0, 5325.0, 5587.0, 5608.0, 5915.0, 6478.0, 6789.0, 6790.0, 6909.0, 7101.0, 7126.0, 7704.0, 8717.0, 9700.0, 10017.0, 10804.0, 10912.0, 22822.0, 23421.0, 23429.0, 30011.0, 54476.0, 54739.0, 55655.0, 56616.0, 56624.0, 57402.0, 63970.0, 64344.0, 79400.0, 83999.0, 84273.0, 149428.0, 160728.0, 392255.0, 440603.0, 728642.0, 100144748.0 
GO:0016442 CC 1.18e-05 27/3149    70/18979 D04 RISC complex                             406893.0, 406911.0, 406962.0, 407006.0, 407011.0, 407019.0, 407046.0, 407055.0, 574435.0, 574444.0, 693141.0, 693154.0, 693158.0, 693161.0, 693163.0, 693166.0, 693175.0, 693186.0, 693190.0, 693209.0, 100126297.0, 100126313.0, 100126343.0, 100302150.0, 100616354.0, 102238594.0, 107075116.0 
GO:0005829 CC 7.45e-61 470/3149  4965/18979 D02 cytosol                                  23.0, 30.0, 58.0, 70.0, 142.0, 219.0, 229.0, 247.0, 330.0, 332.0, 338.0, 383.0, 445.0, 581.0, 641.0, 699.0, 874.0, 875.0, 978.0, 983.0, 993.0, 1063.0, 1238.0, 1459.0, 1490.0, 1602.0, 1605.0, 1638.0, 1644.0, 1645.0, 1646.0, 1677.0, 1719.0, 1723.0, 1807.0, 1820.0, 1828.0, 1831.0, 1967.0, 1999.0, 2009.0, 2027.0, 2035.0, 2099.0, 2125.0, 2168.0, 2177.0, 2288.0, 2395.0, 2534.0, 2584.0, 2585.0, 2646.0, 2735.0, 2737.0, 2752.0, 2819.0, 2852.0, 2944.0, 2949.0, 2993.0, 2998.0, 3039.0, 3040.0, 3043.0, 3048.0, 3145.0, 3161.0, 3292.0, 3305.0, 3316.0, 3364.0, 3398.0, 3615.0, 3783.0, 3790.0, 3846.0, 3858.0, 3880.0, 3960.0, 4084.0, 4151.0, 4210.0, 4301.0, 4502.0, 4521.0, 4599.0, 4600.0, 4686.0, 4703.0, 4803.0, 4829.0, 4835.0, 4855.0, 4901.0, 4940.0, 4998.0, 5092.0, 5093.0, 5094.0, 5106.0, 5152.0, 5207.0, 5226.0, 5244.0, 5256.0, 5270.0, 5271.0, 5272.0, 5288.0, 5429.0, 5433.0, 5460.0, 5470.0, 5564.0, 5587.0, 5598.0, 5608.0, 5739.0, 5744.0, 5774.0, 5837.0, 5971.0, 5997.0, 6017.0, 6041.0, 6158.0, 6192.0, 6231.0, 6234.0, 6241.0, 6271.0, 6284.0, 6293.0, 6427.0, 6478.0, 6517.0, 6606.0, 6607.0, 6652.0, 6769.0, 6787.0, 6789.0, 6790.0, 6799.0, 6818.0, 6820.0, 6874.0, 6885.0, 7022.0, 7024.0, 7026.0, 7027.0, 7054.0, 7083.0, 7126.0, 7294.0, 7316.0, 7327.0, 7372.0, 7375.0, 7421.0, 7428.0, 7535.0, 7704.0, 7728.0, 8226.0, 8287.0, 8293.0, 8340.0, 8342.0, 8343.0, 8394.0, 8416.0, 8436.0, 8439.0, 8503.0, 8569.0, 8609.0, 8631.0, 8638.0, 8658.0, 8663.0, 8666.0, 8675.0, 8717.0, 8761.0, 8840.0, 8890.0, 8892.0, 8893.0, 9001.0, 9020.0, 9113.0, 9125.0, 9133.0, 9244.0, 9246.0, 9342.0, 9402.0, 9482.0, 9527.0, 9569.0, 9570.0, 9641.0, 9663.0, 9700.0, 9779.0, 9882.0, 9885.0, 9928.0, 9931.0, 9943.0, 9972.0, 10017.0, 10023.0, 10144.0, 10156.0, 10221.0, 10253.0, 10450.0, 10478.0, 10482.0, 10495.0, 10526.0, 10533.0, 10562.0, 10588.0, 10622.0, 10657.0, 10726.0, 10750.0, 10804.0, 10840.0, 10841.0, 10901.0, 10963.0, 10965.0, 10993.0, 11063.0, 11080.0, 11116.0, 11143.0, 11266.0, 11274.0, 22809.0, 22822.0, 22844.0, 22921.0, 22934.0, 23043.0, 23175.0, 23205.0, 23210.0, 23322.0, 23348.0, 23397.0, 23421.0, 23438.0, 23475.0, 23557.0, 23649.0, 23766.0, 25839.0, 25879.0, 25929.0, 25966.0, 25974.0, 26010.0, 27229.0, 29109.0, 29943.0, 30011.0, 49854.0, 50613.0, 50717.0, 51013.0, 51035.0, 51054.0, 51339.0, 51388.0, 51514.0, 51533.0, 51622.0, 51686.0, 51733.0, 54093.0, 54476.0, 54487.0, 54585.0, 54726.0, 54739.0, 54809.0, 54869.0, 54903.0, 54920.0, 54939.0, 54949.0, 54957.0, 54981.0, 55034.0, 55038.0, 55128.0, 55204.0, 55341.0, 55437.0, 55520.0, 55559.0, 55571.0, 55612.0, 55613.0, 55620.0, 55655.0, 55718.0, 55728.0, 55802.0, 55811.0, 55839.0, 55968.0, 56034.0, 56169.0, 56261.0, 56616.0, 56911.0, 56940.0, 56985.0, 57082.0, 57447.0, 57565.0, 57572.0, 57589.0, 57696.0, 57733.0, 58488.0, 58497.0, 60676.0, 63826.0, 63928.0, 64105.0, 64151.0, 64282.0, 64344.0, 64577.0, 64759.0, 64787.0, 65061.0, 65977.0, 79019.0, 79090.0, 79098.0, 79178.0, 79571.0, 79591.0, 79682.0, 79805.0, 79822.0, 79823.0, 79871.0, 79902.0, 79918.0, 80185.0, 80320.0, 80351.0, 80746.0, 80765.0, 80823.0, 81491.0, 81848.0, 83461.0, 83480.0, 83734.0, 83758.0, 84084.0, 84132.0, 84174.0, 84271.0, 84541.0, 84727.0, 84812.0, 84851.0, 84902.0, 89781.0, 89839.0, 90102.0, 90293.0, 90381.0, 91687.0, 92312.0, 93100.0, 93323.0, 93492.0, 114112.0, 114625.0, 115361.0, 117145.0, 117157.0, 117245.0, 119710.0, 121274.0, 126393.0, 126432.0, 128272.0, 131669.0, 134147.0, 134265.0, 134429.0, 139886.0, 140458.0, 140460.0, 140462.0, 140578.0, 140825.0, 140838.0, 140894.0, 143630.0, 144193.0, 146909.0, 147699.0, 147945.0, 148281.0, 149428.0, 150280.0, 150468.0, 158800.0, 161742.0, 161823.0, 166785.0, 166793.0, 171024.0, 196483.0, 197358.0, 201232.0, 201626.0, 202333.0, 203074.0, 203245.0, 221120.0, 246181.0, 246329.0, 246777.0, 253260.0, 253725.0, 266743.0, 283383.0, 283807.0, 374569.0, 375593.0, 401541.0, 440050.0, 440270.0, 440307.0, 440603.0, 440738.0, 445329.0, 494551.0, 552900.0, 641371.0, 643246.0, 644890.0, 644943.0, 652968.0, 653689.0, 653820.0, 654483.0, 728833.0, 729533.0, 100271927.0, 100287171.0, 100528062.0, 102724560.0 
GO:0005737 CC 1.49e-32 490/3149  4453/18979 D02 cytoplasm                                70.0, 190.0, 290.0, 306.0, 330.0, 332.0, 338.0, 348.0, 364.0, 383.0, 430.0, 445.0, 468.0, 482.0, 581.0, 632.0, 641.0, 763.0, 875.0, 919.0, 947.0, 983.0, 984.0, 993.0, 1063.0, 1104.0, 1153.0, 1471.0, 1594.0, 1605.0, 1644.0, 1663.0, 1763.0, 1827.0, 1828.0, 1906.0, 1947.0, 1958.0, 1959.0, 1967.0, 2099.0, 2125.0, 2130.0, 2191.0, 2253.0, 2255.0, 2256.0, 2288.0, 2488.0, 2521.0, 2584.0, 2624.0, 2646.0, 2660.0, 2661.0, 2692.0, 2735.0, 2737.0, 2752.0, 2768.0, 2852.0, 2944.0, 2969.0, 2998.0, 3145.0, 3292.0, 3305.0, 3316.0, 3357.0, 3398.0, 3589.0, 3615.0, 3834.0, 3858.0, 4082.0, 4171.0, 4188.0, 4192.0, 4210.0, 4223.0, 4311.0, 4430.0, 4493.0, 4494.0, 4495.0, 4496.0, 4499.0, 4501.0, 4502.0, 4521.0, 4599.0, 4600.0, 4648.0, 4686.0, 4901.0, 4929.0, 4940.0, 5093.0, 5094.0, 5243.0, 5244.0, 5271.0, 5272.0, 5288.0, 5314.0, 5316.0, 5317.0, 5420.0, 5443.0, 5457.0, 5460.0, 5564.0, 5598.0, 5608.0, 5630.0, 5635.0, 5649.0, 5744.0, 5745.0, 5774.0, 5797.0, 5816.0, 5837.0, 5888.0, 5915.0, 5935.0, 5997.0, 6011.0, 6158.0, 6231.0, 6234.0, 6258.0, 6261.0, 6271.0, 6284.0, 6478.0, 6606.0, 6607.0, 6640.0, 6659.0, 6676.0, 6787.0, 6789.0, 6795.0, 6799.0, 6818.0, 6820.0, 6885.0, 6908.0, 6909.0, 7027.0, 7054.0, 7084.0, 7126.0, 7268.0, 7272.0, 7294.0, 7316.0, 7372.0, 7375.0, 7535.0, 7919.0, 8287.0, 8326.0, 8416.0, 8436.0, 8439.0, 8529.0, 8569.0, 8631.0, 8638.0, 8650.0, 8658.0, 8666.0, 8675.0, 8717.0, 8761.0, 8788.0, 8796.0, 8817.0, 8846.0, 8890.0, 8892.0, 8893.0, 8909.0, 9071.0, 9098.0, 9133.0, 9213.0, 9231.0, 9246.0, 9342.0, 9402.0, 9506.0, 9641.0, 9659.0, 9666.0, 9667.0, 9700.0, 9830.0, 9943.0, 10023.0, 10221.0, 10263.0, 10450.0, 10482.0, 10518.0, 10533.0, 10584.0, 10588.0, 10597.0, 10657.0, 10667.0, 10691.0, 10726.0, 10750.0, 10841.0, 10912.0, 11036.0, 11063.0, 11083.0, 11156.0, 11162.0, 11211.0, 11266.0, 11274.0, 22879.0, 22885.0, 22889.0, 22921.0, 23043.0, 23078.0, 23175.0, 23205.0, 23210.0, 23322.0, 23328.0, 23331.0, 23394.0, 23421.0, 23429.0, 23474.0, 23475.0, 25929.0, 25974.0, 26010.0, 26095.0, 26260.0, 26281.0, 26508.0, 27086.0, 29109.0, 29122.0, 29125.0, 29775.0, 29943.0, 29999.0, 30011.0, 50717.0, 50865.0, 50943.0, 51013.0, 51035.0, 51066.0, 51278.0, 51339.0, 51686.0, 51696.0, 54221.0, 54361.0, 54487.0, 54514.0, 54585.0, 54619.0, 54623.0, 54739.0, 54809.0, 54888.0, 54903.0, 54915.0, 54920.0, 54937.0, 54939.0, 54952.0, 54981.0, 55066.0, 55128.0, 55137.0, 55171.0, 55208.0, 55218.0, 55249.0, 55344.0, 55437.0, 55612.0, 55613.0, 55644.0, 55655.0, 55696.0, 55765.0, 55785.0, 55795.0, 55798.0, 55802.0, 55811.0, 55869.0, 55906.0, 55968.0, 56163.0, 56165.0, 56169.0, 56912.0, 56925.0, 56940.0, 57124.0, 57147.0, 57167.0, 57447.0, 57716.0, 57821.0, 58497.0, 63826.0, 63894.0, 63928.0, 64151.0, 64282.0, 64412.0, 64858.0, 65061.0, 79029.0, 79090.0, 79098.0, 79132.0, 79148.0, 79171.0, 79711.0, 79716.0, 79801.0, 79805.0, 79822.0, 79823.0, 79834.0, 79871.0, 79882.0, 79935.0, 80114.0, 80210.0, 80315.0, 80317.0, 80351.0, 81551.0, 81606.0, 81848.0, 83449.0, 83480.0, 83481.0, 83595.0, 84059.0, 84076.0, 84077.0, 84174.0, 84271.0, 84293.0, 84517.0, 84700.0, 84766.0, 84790.0, 84824.0, 84851.0, 85364.0, 85366.0, 85464.0, 89766.0, 89781.0, 90050.0, 90410.0, 93323.0, 112752.0, 114034.0, 114112.0, 115572.0, 117245.0, 120935.0, 121355.0, 122786.0, 123207.0, 124817.0, 126393.0, 127602.0, 129607.0, 129787.0, 130951.0, 131890.0, 132014.0, 134429.0, 136647.0, 136895.0, 140578.0, 143570.0, 143686.0, 143689.0, 146547.0, 146909.0, 147945.0, 149013.0, 149428.0, 149563.0, 150094.0, 152015.0, 152189.0, 154197.0, 160287.0, 163688.0, 163732.0, 164153.0, 164592.0, 166785.0, 166793.0, 168002.0, 196483.0, 196883.0, 197358.0, 200030.0, 202333.0, 219621.0, 220001.0, 221400.0, 246181.0, 255027.0, 256949.0, 259266.0, 282808.0, 284071.0, 284086.0, 284297.0, 284904.0, 284948.0, 285051.0, 285190.0, 285848.0, 317719.0, 338323.0, 339175.0, 339768.0, 339855.0, 339906.0, 340719.0, 344387.0, 346389.0, 347688.0, 347733.0, 375316.0, 375593.0, 378925.0, 388419.0, 388743.0, 389084.0, 391712.0, 400966.0, 401262.0, 407046.0, 440434.0, 441951.0, 445329.0, 493861.0, 494513.0, 542767.0, 552900.0, 643338.0, 645432.0, 646817.0, 653489.0, 653689.0, 654483.0, 727851.0, 728642.0, 728841.0, 729540.0, 729857.0, 100037417.0, 100101490.0, 100129128.0, 100129583.0, 100130086.0, 100288142.0, 100506084.0, 100506164.0, 100528062.0, 101060684.0, 102724560.0 
GO:0016020 CC 1.16e-26 293/3149  2895/18979 D02 membrane                                 23.0, 30.0, 70.0, 114.0, 142.0, 190.0, 247.0, 249.0, 306.0, 348.0, 482.0, 487.0, 581.0, 699.0, 762.0, 983.0, 1135.0, 1143.0, 1521.0, 1588.0, 1605.0, 1638.0, 1717.0, 1815.0, 1967.0, 2027.0, 2099.0, 2125.0, 2160.0, 2191.0, 2262.0, 2277.0, 2584.0, 2587.0, 2692.0, 2741.0, 2969.0, 2993.0, 3039.0, 3040.0, 3082.0, 3119.0, 3161.0, 3321.0, 3579.0, 3588.0, 3615.0, 3858.0, 3918.0, 4240.0, 4311.0, 4513.0, 4599.0, 4600.0, 4841.0, 4940.0, 5093.0, 5094.0, 5243.0, 5244.0, 5272.0, 5630.0, 5957.0, 6158.0, 6192.0, 6231.0, 6293.0, 6482.0, 6506.0, 6517.0, 6519.0, 6521.0, 6565.0, 6574.0, 6588.0, 6652.0, 6713.0, 6954.0, 7037.0, 7272.0, 7428.0, 7436.0, 8170.0, 8269.0, 8326.0, 8352.0, 8353.0, 8359.0, 8370.0, 8638.0, 8705.0, 8788.0, 9117.0, 9125.0, 9133.0, 9283.0, 9289.0, 9488.0, 9527.0, 9570.0, 9744.0, 9785.0, 9884.0, 9885.0, 9928.0, 9931.0, 9934.0, 9972.0, 10017.0, 10100.0, 10166.0, 10219.0, 10253.0, 10270.0, 10319.0, 10343.0, 10350.0, 10384.0, 10478.0, 10657.0, 10715.0, 10970.0, 11000.0, 22801.0, 23141.0, 23348.0, 23397.0, 23421.0, 23539.0, 23550.0, 23584.0, 23731.0, 25929.0, 25966.0, 26003.0, 26032.0, 26659.0, 26872.0, 27039.0, 27199.0, 27229.0, 29057.0, 29109.0, 50624.0, 50831.0, 50832.0, 50834.0, 50836.0, 50837.0, 50839.0, 50939.0, 51151.0, 51202.0, 51232.0, 51249.0, 51348.0, 51390.0, 51497.0, 51696.0, 51751.0, 54065.0, 54429.0, 54538.0, 54623.0, 54872.0, 54903.0, 55026.0, 55092.0, 55341.0, 55650.0, 55802.0, 56125.0, 56130.0, 56131.0, 56132.0, 56548.0, 56937.0, 57053.0, 57153.0, 57194.0, 57348.0, 57589.0, 57696.0, 57720.0, 59307.0, 64151.0, 64174.0, 64175.0, 64224.0, 64386.0, 64430.0, 64699.0, 79086.0, 79161.0, 79613.0, 79711.0, 79796.0, 79877.0, 79902.0, 80000.0, 80704.0, 81501.0, 81562.0, 83481.0, 83650.0, 83882.0, 83890.0, 83999.0, 84059.0, 84077.0, 84284.0, 84696.0, 84766.0, 84898.0, 84945.0, 85013.0, 85320.0, 89781.0, 90407.0, 91181.0, 120406.0, 130951.0, 144321.0, 146167.0, 146225.0, 147015.0, 147276.0, 148281.0, 150771.0, 152189.0, 158584.0, 165082.0, 196264.0, 196883.0, 203260.0, 203562.0, 219623.0, 221060.0, 221395.0, 221468.0, 253582.0, 255231.0, 256691.0, 257019.0, 259289.0, 259291.0, 259296.0, 282763.0, 283383.0, 284297.0, 285848.0, 286006.0, 339883.0, 340596.0, 341880.0, 342372.0, 345051.0, 374819.0, 378925.0, 388015.0, 388730.0, 388849.0, 389084.0, 389730.0, 389791.0, 401498.0, 440138.0, 440353.0, 441168.0, 449520.0, 474170.0, 554313.0, 613037.0, 613212.0, 643338.0, 643382.0, 643677.0, 646658.0, 646962.0, 653160.0, 727866.0, 728229.0, 728577.0, 728819.0, 100129924.0, 100132247.0, 100134938.0, 100289187.0, 100506736.0, 100526771.0, 101927367.0, 105372440.0, 107983993.0 
GO:0005654 CC 2.01e-23 413/3149  3663/18979 D02 nucleoplasm                              23.0, 142.0, 190.0, 219.0, 330.0, 332.0, 445.0, 468.0, 545.0, 641.0, 699.0, 874.0, 983.0, 993.0, 1063.0, 1104.0, 1135.0, 1153.0, 1161.0, 1238.0, 1355.0, 1459.0, 1602.0, 1605.0, 1663.0, 1677.0, 1723.0, 1763.0, 1820.0, 1958.0, 1959.0, 1999.0, 2074.0, 2099.0, 2117.0, 2118.0, 2130.0, 2168.0, 2177.0, 2288.0, 2295.0, 2305.0, 2354.0, 2521.0, 2553.0, 2624.0, 2646.0, 2731.0, 2735.0, 2737.0, 2852.0, 2966.0, 2969.0, 2993.0, 3014.0, 3305.0, 3357.0, 3364.0, 3398.0, 3579.0, 4084.0, 4171.0, 4210.0, 4301.0, 4686.0, 4835.0, 4841.0, 4855.0, 4901.0, 4929.0, 4940.0, 4998.0, 5092.0, 5093.0, 5094.0, 5152.0, 5244.0, 5272.0, 5317.0, 5325.0, 5426.0, 5429.0, 5433.0, 5439.0, 5457.0, 5460.0, 5514.0, 5564.0, 5598.0, 5608.0, 5744.0, 5822.0, 5888.0, 5893.0, 5915.0, 5935.0, 5971.0, 5993.0, 6017.0, 6192.0, 6231.0, 6234.0, 6248.0, 6258.0, 6271.0, 6284.0, 6294.0, 6427.0, 6429.0, 6478.0, 6493.0, 6606.0, 6607.0, 6626.0, 6658.0, 6659.0, 6664.0, 6789.0, 6790.0, 6838.0, 6874.0, 6882.0, 6883.0, 6908.0, 6924.0, 6996.0, 7022.0, 7024.0, 7026.0, 7027.0, 7080.0, 7101.0, 7268.0, 7291.0, 7294.0, 7307.0, 7316.0, 7421.0, 7428.0, 7544.0, 7564.0, 7597.0, 7849.0, 7919.0, 7936.0, 8091.0, 8233.0, 8284.0, 8340.0, 8342.0, 8343.0, 8352.0, 8353.0, 8359.0, 8370.0, 8394.0, 8436.0, 8438.0, 8569.0, 8609.0, 8631.0, 8638.0, 8658.0, 8812.0, 8846.0, 9014.0, 9020.0, 9189.0, 9246.0, 9402.0, 9416.0, 9429.0, 9439.0, 9555.0, 9569.0, 9570.0, 9641.0, 9667.0, 9668.0, 9785.0, 9967.0, 9972.0, 10100.0, 10220.0, 10270.0, 10450.0, 10482.0, 10526.0, 10562.0, 10597.0, 10622.0, 10629.0, 10657.0, 10664.0, 10691.0, 10726.0, 10734.0, 10750.0, 11063.0, 11080.0, 11143.0, 11211.0, 11266.0, 11339.0, 22809.0, 22822.0, 22889.0, 22932.0, 22936.0, 23013.0, 23029.0, 23043.0, 23051.0, 23059.0, 23090.0, 23175.0, 23210.0, 23212.0, 23322.0, 23397.0, 23421.0, 23429.0, 23474.0, 23649.0, 25879.0, 25888.0, 25929.0, 25942.0, 26010.0, 26095.0, 26298.0, 26508.0, 27086.0, 27238.0, 27301.0, 28973.0, 28992.0, 29109.0, 29115.0, 29126.0, 29943.0, 49854.0, 50485.0, 50717.0, 50943.0, 51013.0, 51035.0, 51199.0, 51202.0, 51274.0, 51278.0, 51339.0, 51388.0, 51497.0, 51513.0, 51514.0, 51530.0, 51533.0, 51686.0, 51755.0, 51780.0, 54221.0, 54433.0, 54476.0, 54487.0, 54623.0, 54739.0, 54883.0, 54888.0, 54921.0, 54957.0, 54971.0, 54980.0, 54984.0, 55038.0, 55128.0, 55145.0, 55209.0, 55249.0, 55341.0, 55363.0, 55388.0, 55520.0, 55644.0, 55693.0, 55696.0, 55718.0, 55765.0, 55791.0, 55839.0, 55869.0, 56672.0, 57082.0, 57109.0, 57117.0, 57167.0, 57228.0, 57673.0, 57696.0, 57720.0, 58493.0, 60625.0, 63928.0, 64105.0, 64321.0, 64324.0, 64344.0, 64412.0, 64782.0, 64785.0, 64858.0, 79008.0, 79019.0, 79075.0, 79171.0, 79647.0, 79682.0, 79685.0, 79822.0, 79823.0, 79840.0, 79843.0, 79871.0, 79902.0, 79918.0, 79923.0, 80119.0, 80317.0, 80746.0, 81491.0, 83595.0, 83695.0, 83860.0, 84060.0, 84132.0, 84159.0, 84164.0, 84174.0, 84271.0, 84456.0, 90381.0, 90665.0, 91442.0, 91687.0, 93107.0, 114034.0, 114112.0, 116092.0, 117246.0, 121274.0, 121536.0, 121642.0, 129607.0, 136647.0, 138799.0, 139886.0, 143570.0, 143689.0, 145741.0, 146909.0, 148479.0, 150280.0, 151903.0, 152189.0, 158800.0, 159963.0, 161742.0, 163732.0, 166793.0, 167465.0, 171024.0, 199870.0, 203245.0, 221120.0, 221481.0, 245711.0, 246329.0, 246777.0, 253012.0, 253461.0, 254048.0, 266743.0, 283383.0, 284058.0, 286362.0, 339448.0, 340152.0, 387032.0, 388112.0, 392376.0, 401541.0, 440348.0, 440353.0, 493861.0, 494551.0, 554313.0, 613037.0, 642778.0, 642799.0, 646817.0, 653604.0, 653689.0, 728734.0, 728741.0, 729978.0, 100132247.0, 100144748.0, 100288332.0, 100507607.0, 101059938.0, 101059953.0, 102724159.0, 105376752.0 
GO:0005886 CC 1.56e-20 462/3149  3910/18979 D03 plasma membrane                          1.0, 114.0, 117.0, 177.0, 247.0, 249.0, 290.0, 306.0, 338.0, 343.0, 348.0, 362.0, 363.0, 364.0, 462.0, 480.0, 482.0, 553.0, 762.0, 799.0, 858.0, 919.0, 923.0, 926.0, 927.0, 947.0, 1133.0, 1135.0, 1138.0, 1143.0, 1145.0, 1238.0, 1241.0, 1259.0, 1308.0, 1366.0, 1459.0, 1471.0, 1490.0, 1605.0, 1638.0, 1735.0, 1815.0, 1828.0, 1947.0, 1950.0, 1967.0, 2027.0, 2035.0, 2069.0, 2099.0, 2130.0, 2151.0, 2159.0, 2160.0, 2191.0, 2196.0, 2255.0, 2261.0, 2262.0, 2264.0, 2515.0, 2532.0, 2534.0, 2570.0, 2587.0, 2692.0, 2719.0, 2731.0, 2741.0, 2752.0, 2768.0, 2769.0, 2814.0, 2840.0, 2852.0, 2918.0, 2986.0, 2993.0, 3119.0, 3120.0, 3127.0, 3161.0, 3266.0, 3357.0, 3385.0, 3455.0, 3579.0, 3588.0, 3594.0, 3730.0, 3750.0, 3758.0, 3773.0, 3783.0, 3790.0, 3818.0, 3821.0, 3822.0, 3880.0, 3960.0, 3973.0, 4038.0, 4082.0, 4224.0, 4225.0, 4301.0, 4308.0, 4311.0, 4356.0, 4359.0, 4430.0, 4521.0, 4582.0, 4818.0, 4829.0, 4855.0, 4914.0, 4940.0, 4993.0, 4994.0, 4995.0, 5021.0, 5030.0, 5152.0, 5179.0, 5243.0, 5244.0, 5256.0, 5288.0, 5317.0, 5420.0, 5426.0, 5587.0, 5630.0, 5639.0, 5649.0, 5739.0, 5745.0, 5764.0, 5774.0, 5795.0, 5797.0, 5997.0, 6006.0, 6248.0, 6261.0, 6284.0, 6476.0, 6506.0, 6512.0, 6517.0, 6519.0, 6521.0, 6523.0, 6527.0, 6532.0, 6550.0, 6565.0, 6574.0, 6664.0, 6768.0, 6885.0, 6996.0, 6997.0, 7037.0, 7075.0, 7162.0, 7173.0, 7294.0, 7316.0, 7375.0, 7434.0, 7436.0, 7535.0, 7704.0, 7784.0, 7851.0, 7871.0, 7936.0, 8000.0, 8170.0, 8200.0, 8326.0, 8394.0, 8436.0, 8631.0, 8647.0, 8650.0, 8717.0, 8778.0, 8909.0, 8972.0, 9069.0, 9071.0, 9077.0, 9098.0, 9213.0, 9231.0, 9283.0, 9289.0, 9290.0, 9308.0, 9342.0, 9356.0, 9402.0, 9424.0, 9429.0, 9452.0, 9482.0, 9928.0, 9934.0, 10052.0, 10089.0, 10100.0, 10156.0, 10219.0, 10253.0, 10326.0, 10384.0, 10495.0, 10562.0, 10692.0, 10699.0, 10750.0, 10841.0, 10867.0, 10966.0, 10970.0, 10991.0, 11079.0, 11080.0, 11120.0, 11136.0, 11156.0, 11211.0, 11251.0, 22801.0, 22844.0, 22925.0, 23205.0, 23210.0, 23322.0, 23418.0, 23432.0, 23539.0, 23584.0, 23620.0, 23630.0, 25769.0, 26025.0, 26659.0, 26664.0, 26762.0, 26872.0, 26996.0, 27074.0, 27198.0, 27199.0, 27202.0, 27345.0, 28954.0, 28982.0, 29126.0, 29992.0, 30011.0, 50831.0, 50832.0, 50834.0, 50835.0, 50836.0, 50837.0, 50839.0, 50846.0, 50856.0, 51199.0, 51232.0, 51294.0, 51348.0, 51390.0, 51533.0, 53833.0, 54207.0, 54221.0, 54361.0, 54429.0, 54538.0, 54798.0, 54869.0, 54894.0, 54939.0, 55038.0, 55089.0, 55273.0, 55315.0, 55532.0, 55559.0, 55584.0, 55620.0, 55644.0, 56034.0, 56103.0, 56108.0, 56110.0, 56112.0, 56125.0, 56128.0, 56130.0, 56131.0, 56132.0, 56136.0, 56139.0, 56145.0, 56146.0, 56147.0, 56169.0, 56253.0, 56624.0, 56937.0, 56940.0, 57113.0, 57126.0, 57153.0, 57191.0, 57194.0, 57228.0, 57348.0, 57381.0, 57549.0, 57678.0, 57715.0, 57716.0, 57720.0, 59285.0, 59307.0, 59352.0, 60495.0, 60598.0, 63826.0, 63928.0, 64220.0, 64282.0, 64344.0, 64386.0, 64787.0, 65944.0, 79098.0, 79400.0, 79549.0, 79570.0, 79652.0, 79850.0, 80704.0, 80975.0, 81491.0, 81501.0, 83550.0, 83849.0, 83886.0, 83959.0, 83999.0, 84059.0, 84102.0, 84174.0, 84210.0, 84766.0, 84812.0, 84904.0, 84932.0, 84958.0, 85320.0, 85397.0, 90102.0, 91851.0, 91937.0, 92745.0, 93107.0, 114625.0, 115361.0, 116238.0, 116534.0, 117145.0, 120796.0, 122786.0, 124274.0, 125875.0, 127069.0, 127077.0, 128414.0, 130075.0, 130749.0, 131450.0, 132014.0, 132112.0, 135250.0, 138799.0, 138803.0, 138804.0, 138881.0, 145389.0, 147798.0, 148229.0, 148281.0, 151056.0, 151888.0, 152831.0, 159963.0, 160728.0, 161253.0, 161291.0, 161742.0, 162998.0, 165140.0, 165829.0, 167465.0, 196883.0, 200879.0, 201232.0, 201633.0, 202333.0, 203074.0, 203245.0, 221395.0, 221481.0, 253725.0, 255231.0, 255324.0, 259289.0, 259291.0, 259296.0, 282763.0, 282808.0, 283383.0, 284415.0, 285016.0, 286362.0, 339906.0, 341640.0, 342372.0, 344805.0, 345274.0, 347732.0, 360200.0, 375387.0, 375612.0, 387755.0, 388419.0, 388524.0, 388931.0, 389015.0, 390067.0, 392376.0, 402415.0, 494551.0, 645432.0, 729873.0, 100271927.0, 100288814.0, 100509620.0, 101060376.0, 102723859.0, 105375355.0 
GO:0005634 CC 3.64e-20 613/3149  4912/18979 D05 nucleus                                  142.0, 190.0, 247.0, 330.0, 332.0, 348.0, 383.0, 429.0, 430.0, 468.0, 545.0, 581.0, 641.0, 858.0, 875.0, 983.0, 984.0, 993.0, 1063.0, 1104.0, 1153.0, 1161.0, 1459.0, 1663.0, 1677.0, 1763.0, 1820.0, 1827.0, 1828.0, 1831.0, 1947.0, 1958.0, 1959.0, 1999.0, 2074.0, 2099.0, 2117.0, 2118.0, 2130.0, 2168.0, 2177.0, 2218.0, 2255.0, 2261.0, 2275.0, 2295.0, 2298.0, 2305.0, 2307.0, 2354.0, 2521.0, 2534.0, 2553.0, 2624.0, 2672.0, 2735.0, 2737.0, 2752.0, 2852.0, 2966.0, 2969.0, 3013.0, 3014.0, 3166.0, 3175.0, 3305.0, 3316.0, 3364.0, 3398.0, 3486.0, 3615.0, 3621.0, 3858.0, 3973.0, 4081.0, 4171.0, 4188.0, 4210.0, 4223.0, 4330.0, 4438.0, 4493.0, 4494.0, 4495.0, 4496.0, 4499.0, 4501.0, 4502.0, 4521.0, 4582.0, 4599.0, 4600.0, 4686.0, 4841.0, 4855.0, 4901.0, 4929.0, 4998.0, 5013.0, 5075.0, 5093.0, 5094.0, 5226.0, 5272.0, 5314.0, 5316.0, 5317.0, 5326.0, 5426.0, 5429.0, 5433.0, 5439.0, 5456.0, 5457.0, 5460.0, 5470.0, 5514.0, 5564.0, 5587.0, 5598.0, 5745.0, 5816.0, 5888.0, 5893.0, 5915.0, 5935.0, 5971.0, 5993.0, 5994.0, 5997.0, 6100.0, 6192.0, 6241.0, 6271.0, 6284.0, 6294.0, 6419.0, 6427.0, 6429.0, 6606.0, 6607.0, 6626.0, 6659.0, 6664.0, 6789.0, 6790.0, 6795.0, 6820.0, 6874.0, 6882.0, 6883.0, 6885.0, 6908.0, 6909.0, 6939.0, 6996.0, 7022.0, 7024.0, 7026.0, 7027.0, 7037.0, 7054.0, 7071.0, 7080.0, 7083.0, 7126.0, 7268.0, 7272.0, 7291.0, 7294.0, 7316.0, 7372.0, 7375.0, 7421.0, 7428.0, 7539.0, 7544.0, 7549.0, 7553.0, 7564.0, 7582.0, 7584.0, 7592.0, 7626.0, 7633.0, 7652.0, 7691.0, 7704.0, 7710.0, 7711.0, 7718.0, 7730.0, 7849.0, 7919.0, 7936.0, 8091.0, 8214.0, 8284.0, 8287.0, 8293.0, 8330.0, 8340.0, 8342.0, 8343.0, 8352.0, 8353.0, 8359.0, 8370.0, 8394.0, 8438.0, 8569.0, 8609.0, 8658.0, 8717.0, 8761.0, 8812.0, 8839.0, 8846.0, 8859.0, 8893.0, 8926.0, 9014.0, 9113.0, 9125.0, 9133.0, 9189.0, 9246.0, 9310.0, 9402.0, 9416.0, 9422.0, 9439.0, 9506.0, 9555.0, 9569.0, 9603.0, 9641.0, 9659.0, 9663.0, 9667.0, 9700.0, 9785.0, 9928.0, 9931.0, 9935.0, 9967.0, 10023.0, 10127.0, 10194.0, 10221.0, 10253.0, 10263.0, 10270.0, 10311.0, 10450.0, 10482.0, 10485.0, 10520.0, 10597.0, 10622.0, 10629.0, 10657.0, 10664.0, 10691.0, 10734.0, 10781.0, 10838.0, 10901.0, 10912.0, 10963.0, 11063.0, 11083.0, 11116.0, 11143.0, 11156.0, 11162.0, 11166.0, 11262.0, 11266.0, 11274.0, 11339.0, 22809.0, 22822.0, 22850.0, 22889.0, 23013.0, 23043.0, 23051.0, 23090.0, 23099.0, 23175.0, 23210.0, 23394.0, 23421.0, 23429.0, 23619.0, 25788.0, 25929.0, 25942.0, 25966.0, 26149.0, 26152.0, 26260.0, 26298.0, 26508.0, 26974.0, 27086.0, 27164.0, 27238.0, 27301.0, 28992.0, 29109.0, 29115.0, 30813.0, 49854.0, 50485.0, 50511.0, 50717.0, 50943.0, 51013.0, 51035.0, 51058.0, 51066.0, 51276.0, 51278.0, 51339.0, 51351.0, 51497.0, 51513.0, 51514.0, 51530.0, 51533.0, 51545.0, 51686.0, 51696.0, 51755.0, 54093.0, 54345.0, 54476.0, 54487.0, 54514.0, 54619.0, 54726.0, 54807.0, 54883.0, 54888.0, 54937.0, 54939.0, 54942.0, 54952.0, 54954.0, 54980.0, 55038.0, 55070.0, 55128.0, 55145.0, 55208.0, 55209.0, 55218.0, 55249.0, 55388.0, 55422.0, 55437.0, 55520.0, 55552.0, 55571.0, 55628.0, 55644.0, 55693.0, 55696.0, 55713.0, 55765.0, 55795.0, 55802.0, 55811.0, 55869.0, 55906.0, 55968.0, 56034.0, 56146.0, 56163.0, 56256.0, 56911.0, 57082.0, 57109.0, 57117.0, 57167.0, 57447.0, 57478.0, 57573.0, 57615.0, 57683.0, 57693.0, 57716.0, 57801.0, 58492.0, 58493.0, 58497.0, 63928.0, 64151.0, 64288.0, 64321.0, 64324.0, 64518.0, 64641.0, 64782.0, 64785.0, 65061.0, 78995.0, 79005.0, 79029.0, 79047.0, 79081.0, 79171.0, 79192.0, 79230.0, 79447.0, 79647.0, 79682.0, 79685.0, 79711.0, 79716.0, 79744.0, 79816.0, 79840.0, 79862.0, 79871.0, 79882.0, 79891.0, 79898.0, 79918.0, 79923.0, 79933.0, 79935.0, 80185.0, 80315.0, 80317.0, 80320.0, 80351.0, 80714.0, 80823.0, 81606.0, 83480.0, 83595.0, 83695.0, 83758.0, 83860.0, 84072.0, 84084.0, 84132.0, 84159.0, 84164.0, 84226.0, 84271.0, 84436.0, 84456.0, 84519.0, 84527.0, 84700.0, 84775.0, 84790.0, 84812.0, 84851.0, 85366.0, 85397.0, 85508.0, 90233.0, 90317.0, 90381.0, 90529.0, 90594.0, 90665.0, 90853.0, 92285.0, 92312.0, 94039.0, 94234.0, 112869.0, 115361.0, 115572.0, 116092.0, 116412.0, 118472.0, 121642.0, 123036.0, 124535.0, 124817.0, 125150.0, 126074.0, 126374.0, 126375.0, 126393.0, 127665.0, 136647.0, 139081.0, 143570.0, 143686.0, 143689.0, 145282.0, 145741.0, 146279.0, 146909.0, 147699.0, 147948.0, 148206.0, 148479.0, 148523.0, 149428.0, 149563.0, 150094.0, 150280.0, 158431.0, 158800.0, 162962.0, 162963.0, 162967.0, 162979.0, 162993.0, 163059.0, 163688.0, 166793.0, 167465.0, 170082.0, 171024.0, 196446.0, 199777.0, 200350.0, 200765.0, 201501.0, 201514.0, 202333.0, 203245.0, 221120.0, 221481.0, 222546.0, 222659.0, 222696.0, 245711.0, 253461.0, 254048.0, 255403.0, 259266.0, 282890.0, 283417.0, 283571.0, 284058.0, 284071.0, 284371.0, 284390.0, 284443.0, 285051.0, 285346.0, 286151.0, 286380.0, 333929.0, 339559.0, 340152.0, 342908.0, 342909.0, 344387.0, 346389.0, 347344.0, 347733.0, 348327.0, 348825.0, 349334.0, 353088.0, 388112.0, 388125.0, 388524.0, 388558.0, 388559.0, 388951.0, 389692.0, 390010.0, 390927.0, 390937.0, 400720.0, 401541.0, 407046.0, 440603.0, 440686.0, 441951.0, 442319.0, 474384.0, 493861.0, 494551.0, 552900.0, 554313.0, 642273.0, 642636.0, 643836.0, 644890.0, 645683.0, 645996.0, 646817.0, 653404.0, 653427.0, 653604.0, 654254.0, 654483.0, 728642.0, 728927.0, 100129543.0, 100129583.0, 100130086.0, 100289635.0, 100293516.0, 100506164.0, 100528062.0, 100529215.0, 102724560.0, 109504726.0 
GO:0070062 CC 9.23e-15 193/3149  1839/18979 D06 extracellular exosome                    1.0, 58.0, 70.0, 229.0, 247.0, 249.0, 276.0, 277.0, 279.0, 290.0, 306.0, 338.0, 348.0, 362.0, 416.0, 445.0, 462.0, 566.0, 581.0, 686.0, 733.0, 762.0, 983.0, 1471.0, 1605.0, 1644.0, 1645.0, 1663.0, 1807.0, 1947.0, 1950.0, 2027.0, 2125.0, 2160.0, 2168.0, 2196.0, 2288.0, 2584.0, 2752.0, 2814.0, 2819.0, 3013.0, 3014.0, 3039.0, 3040.0, 3043.0, 3127.0, 3250.0, 3385.0, 3483.0, 3615.0, 3818.0, 3858.0, 3880.0, 4082.0, 4151.0, 4224.0, 4240.0, 4311.0, 4430.0, 4582.0, 4703.0, 4835.0, 5092.0, 5093.0, 5094.0, 5169.0, 5226.0, 5243.0, 5244.0, 5271.0, 5272.0, 5314.0, 5420.0, 5630.0, 5795.0, 5837.0, 6158.0, 6231.0, 6234.0, 6261.0, 6289.0, 6462.0, 6476.0, 6482.0, 6517.0, 6519.0, 6521.0, 6523.0, 6550.0, 6565.0, 6652.0, 6820.0, 7037.0, 7060.0, 7316.0, 8000.0, 8330.0, 8340.0, 8342.0, 8343.0, 8352.0, 8353.0, 8359.0, 8370.0, 8647.0, 8796.0, 8972.0, 9289.0, 9356.0, 9416.0, 9555.0, 9562.0, 9667.0, 9943.0, 9967.0, 10067.0, 10068.0, 10406.0, 10512.0, 10562.0, 10629.0, 10840.0, 10841.0, 10970.0, 11280.0, 23013.0, 23043.0, 23475.0, 25878.0, 29126.0, 29992.0, 50865.0, 51050.0, 51294.0, 51733.0, 54361.0, 54538.0, 54869.0, 54888.0, 56034.0, 56624.0, 56886.0, 56920.0, 57124.0, 57126.0, 57153.0, 57381.0, 57402.0, 57447.0, 60676.0, 64175.0, 64518.0, 64577.0, 64787.0, 79098.0, 79153.0, 80210.0, 80823.0, 83758.0, 83854.0, 84059.0, 84226.0, 84932.0, 84958.0, 85320.0, 93100.0, 116285.0, 134147.0, 147798.0, 148811.0, 159963.0, 160287.0, 160728.0, 163351.0, 222389.0, 246181.0, 284013.0, 341640.0, 342372.0, 347688.0, 352999.0, 406911.0, 407019.0, 407046.0, 440434.0, 441531.0, 554313.0, 653604.0, 653689.0, 100037417.0, 100302240.0, 100528062.0 
GO:0005789 CC 1.49e-14 80/3149   968/18979 D04 endoplasmic reticulum membrane           338.0, 487.0, 581.0, 983.0, 1543.0, 1580.0, 1588.0, 1589.0, 1717.0, 2852.0, 3429.0, 4308.0, 4599.0, 4855.0, 6713.0, 7316.0, 8326.0, 8529.0, 8608.0, 9117.0, 9488.0, 9570.0, 9663.0, 9695.0, 10052.0, 10715.0, 10745.0, 10901.0, 10954.0, 10970.0, 11153.0, 23141.0, 23175.0, 26003.0, 26608.0, 29097.0, 50846.0, 51435.0, 53345.0, 54872.0, 54894.0, 55650.0, 57194.0, 57462.0, 57565.0, 64699.0, 79053.0, 79153.0, 79400.0, 79644.0, 79796.0, 79844.0, 81501.0, 81562.0, 84650.0, 84812.0, 84932.0, 91543.0, 93492.0, 116255.0, 133022.0, 140578.0, 143244.0, 146456.0, 148229.0, 152002.0, 154197.0, 161247.0, 196446.0, 196996.0, 197021.0, 201562.0, 204219.0, 284098.0, 285525.0, 340665.0, 345193.0, 375387.0, 408050.0, 440138.0 
GO:0098978 CC 6.99e-14 17/3149   392/18979 D04 glutamatergic synapse                    70.0, 114.0, 348.0, 1605.0, 1815.0, 5030.0, 6506.0, 6790.0, 8326.0, 8650.0, 9231.0, 10509.0, 22885.0, 23043.0, 51738.0, 54487.0, 84249.0 
GO:0005739 CC 2.87e-12 130/3149  1300/18979 D05 mitochondrion                            36.0, 142.0, 212.0, 219.0, 343.0, 487.0, 581.0, 617.0, 670.0, 763.0, 983.0, 1355.0, 1594.0, 1719.0, 1723.0, 1763.0, 2288.0, 2395.0, 2534.0, 2639.0, 2646.0, 2731.0, 2752.0, 3429.0, 4084.0, 4513.0, 4521.0, 4541.0, 4686.0, 4731.0, 5009.0, 5106.0, 5163.0, 5460.0, 5888.0, 5997.0, 6150.0, 6271.0, 6341.0, 6389.0, 6659.0, 7022.0, 7037.0, 7054.0, 7084.0, 7428.0, 8209.0, 8846.0, 9001.0, 9506.0, 10017.0, 10166.0, 10270.0, 10562.0, 10588.0, 10667.0, 10901.0, 10965.0, 10993.0, 11000.0, 11162.0, 11262.0, 22921.0, 23078.0, 23203.0, 23395.0, 23438.0, 23474.0, 27301.0, 28973.0, 28982.0, 50717.0, 51027.0, 51657.0, 51751.0, 54739.0, 54888.0, 54949.0, 54984.0, 55066.0, 55217.0, 55218.0, 55687.0, 55811.0, 56616.0, 56624.0, 56652.0, 57153.0, 63970.0, 64344.0, 64969.0, 79843.0, 80119.0, 83884.0, 84269.0, 84273.0, 84709.0, 84842.0, 90529.0, 91543.0, 91574.0, 92292.0, 92399.0, 113115.0, 114112.0, 117145.0, 126393.0, 129607.0, 140462.0, 143689.0, 150763.0, 152926.0, 153328.0, 160287.0, 162417.0, 166785.0, 201626.0, 203245.0, 221120.0, 254552.0, 255027.0, 267020.0, 282808.0, 341947.0, 346389.0, 387787.0, 643338.0, 729533.0, 102724023.0, 109703458.0 
GO:0005783 CC 2.71e-11 91/3149   977/18979 D05 endoplasmic reticulum                    341.0, 348.0, 362.0, 445.0, 581.0, 1471.0, 1521.0, 1588.0, 1717.0, 2218.0, 2261.0, 2264.0, 2852.0, 3973.0, 5152.0, 5314.0, 5764.0, 6713.0, 6820.0, 7060.0, 7162.0, 7327.0, 7428.0, 8459.0, 8630.0, 8846.0, 9001.0, 9117.0, 9482.0, 9562.0, 9695.0, 10017.0, 10597.0, 10609.0, 10715.0, 10841.0, 10954.0, 10970.0, 11000.0, 11079.0, 11328.0, 23141.0, 23175.0, 23197.0, 23205.0, 23212.0, 26608.0, 29097.0, 29122.0, 51035.0, 51435.0, 54872.0, 54920.0, 55273.0, 55341.0, 56146.0, 56147.0, 56886.0, 57194.0, 57565.0, 60526.0, 64175.0, 64699.0, 79090.0, 79153.0, 79174.0, 79644.0, 79844.0, 79850.0, 80315.0, 84650.0, 84812.0, 91543.0, 114112.0, 115817.0, 129080.0, 134429.0, 146456.0, 154197.0, 161291.0, 201562.0, 204219.0, 256691.0, 283208.0, 283971.0, 347732.0, 348174.0, 375387.0, 378925.0, 643866.0, 644974.0 
GO:0005765 CC 3.42e-11 16/3149   336/18979 D07 lysosomal membrane                       290.0, 1950.0, 3112.0, 3119.0, 3120.0, 3127.0, 7436.0, 9482.0, 27074.0, 29919.0, 51622.0, 55315.0, 57153.0, 89781.0, 158376.0, 221960.0 
GO:0005794 CC 1.96e-10 95/3149   986/18979 D05 Golgi apparatus                          348.0, 545.0, 553.0, 762.0, 858.0, 919.0, 1471.0, 1490.0, 1602.0, 1999.0, 2099.0, 2196.0, 2218.0, 2261.0, 2264.0, 2852.0, 3790.0, 5152.0, 5272.0, 5314.0, 5325.0, 5587.0, 5744.0, 6248.0, 6271.0, 6293.0, 6476.0, 6882.0, 8326.0, 8459.0, 8658.0, 8675.0, 9098.0, 9213.0, 9452.0, 9527.0, 9570.0, 9659.0, 9779.0, 10270.0, 10584.0, 10726.0, 10841.0, 10963.0, 11079.0, 26003.0, 26298.0, 51083.0, 51533.0, 55128.0, 55204.0, 55315.0, 55532.0, 55655.0, 55785.0, 56624.0, 57147.0, 57447.0, 57720.0, 63894.0, 65977.0, 79174.0, 79571.0, 79823.0, 79844.0, 81551.0, 81562.0, 84084.0, 84174.0, 84541.0, 84932.0, 85462.0, 90410.0, 91543.0, 114625.0, 115361.0, 129080.0, 136647.0, 146456.0, 161291.0, 201232.0, 253012.0, 253260.0, 283971.0, 340485.0, 340895.0, 348174.0, 378925.0, 388743.0, 440270.0, 449520.0, 497190.0, 643866.0, 646658.0, 100506084.0 
GO:0048471 CC 2.82e-10 55/3149   664/18979 D02 perinuclear region of cytoplasm          762.0, 858.0, 947.0, 1063.0, 1490.0, 2009.0, 2288.0, 2534.0, 2852.0, 3625.0, 3918.0, 4430.0, 4599.0, 5152.0, 5169.0, 5314.0, 5797.0, 5888.0, 6284.0, 6293.0, 6517.0, 6523.0, 6790.0, 7037.0, 7054.0, 7584.0, 8326.0, 8666.0, 8675.0, 8796.0, 9482.0, 10562.0, 10597.0, 10966.0, 10970.0, 11116.0, 23557.0, 27074.0, 54514.0, 55024.0, 55128.0, 55273.0, 55811.0, 57113.0, 57402.0, 57447.0, 57572.0, 79153.0, 80315.0, 80351.0, 115361.0, 140578.0, 197358.0, 202333.0, 340719.0 
GO:0000139 CC 7.72e-10 49/3149   607/18979 D05 Golgi membrane                           858.0, 2218.0, 2852.0, 3119.0, 3120.0, 3127.0, 4855.0, 6482.0, 7851.0, 8459.0, 8647.0, 8658.0, 8675.0, 8705.0, 9342.0, 9527.0, 9570.0, 10841.0, 11079.0, 23557.0, 25839.0, 26003.0, 50846.0, 51435.0, 51463.0, 55204.0, 55808.0, 56034.0, 56548.0, 56624.0, 56937.0, 57147.0, 57589.0, 65977.0, 79571.0, 79591.0, 79844.0, 80351.0, 81562.0, 84766.0, 84932.0, 90410.0, 93492.0, 115361.0, 170384.0, 201232.0, 253012.0, 338596.0, 340485.0 
GO:0043197 CC 1.39e-09  2/3149   150/18979 D06 dendritic spine                          9001.0, 80315.0 
GO:0005764 CC 3.06e-09 13/3149   272/18979 D07 lysosome                                 445.0, 947.0, 1118.0, 1521.0, 3112.0, 3973.0, 4359.0, 7375.0, 9001.0, 9098.0, 58511.0, 89781.0, 153642.0 
GO:0005925 CC 3.86e-09 28/3149   412/18979 D05 focal adhesion                           70.0, 247.0, 858.0, 1605.0, 2191.0, 2261.0, 2275.0, 2768.0, 4082.0, 4311.0, 5094.0, 5244.0, 6532.0, 8394.0, 8650.0, 8675.0, 10867.0, 22801.0, 30011.0, 55612.0, 58497.0, 64759.0, 79038.0, 79834.0, 81848.0, 90102.0, 165904.0, 171024.0 
GO:0014069 CC 4.64e-09 11/3149   248/18979 D04 postsynaptic density                     114.0, 2534.0, 2852.0, 3750.0, 4038.0, 5093.0, 5094.0, 6790.0, 9231.0, 54487.0, 80315.0 
GO:0005743 CC 6.40e-09 31/3149   433/18979 D05 mitochondrial inner membrane             212.0, 343.0, 617.0, 1355.0, 1543.0, 1723.0, 4509.0, 4512.0, 4513.0, 4537.0, 4540.0, 4541.0, 4731.0, 5009.0, 6150.0, 6341.0, 6389.0, 10166.0, 23203.0, 27235.0, 28973.0, 28982.0, 64969.0, 83733.0, 83884.0, 84709.0, 89874.0, 91543.0, 117145.0, 153328.0, 267020.0 
GO:0030424 CC 1.20e-07 20/3149   310/18979 D05 axon                                     114.0, 306.0, 799.0, 1644.0, 2852.0, 4134.0, 4308.0, 4311.0, 4914.0, 5630.0, 5816.0, 6606.0, 6607.0, 7054.0, 11280.0, 23394.0, 51738.0, 54538.0, 57053.0, 57549.0 
GO:0043231 CC 1.71e-07 83/3149   812/18979 D04 intracellular membrane-bounded organelle 117.0, 190.0, 338.0, 566.0, 650.0, 699.0, 1238.0, 1490.0, 1543.0, 1605.0, 1638.0, 1735.0, 1959.0, 2117.0, 2295.0, 2354.0, 2737.0, 2741.0, 2852.0, 4922.0, 4940.0, 5325.0, 5420.0, 5993.0, 6478.0, 6713.0, 6820.0, 7037.0, 7482.0, 8529.0, 8608.0, 8630.0, 8675.0, 9020.0, 9667.0, 9779.0, 9885.0, 10023.0, 10067.0, 10219.0, 10220.0, 10350.0, 10450.0, 10597.0, 10609.0, 10715.0, 11063.0, 11274.0, 11339.0, 22934.0, 23059.0, 27074.0, 27301.0, 51622.0, 54596.0, 54623.0, 54809.0, 54939.0, 55145.0, 55315.0, 55655.0, 56937.0, 57167.0, 79923.0, 83891.0, 84174.0, 90381.0, 91442.0, 136647.0, 171024.0, 197358.0, 202333.0, 221960.0, 246777.0, 253012.0, 253725.0, 255027.0, 388112.0, 643246.0, 646658.0, 653820.0, 728833.0, 729533.0 
GO:0030425 CC 1.91e-07 32/3149   410/18979 D05 dendrite                                 114.0, 306.0, 348.0, 632.0, 1133.0, 1815.0, 2534.0, 2741.0, 2852.0, 3357.0, 3750.0, 4038.0, 4311.0, 4914.0, 5179.0, 5649.0, 5935.0, 5957.0, 6158.0, 7054.0, 7162.0, 9001.0, 23394.0, 51199.0, 54942.0, 55811.0, 57549.0, 80315.0, 84249.0, 85397.0, 196883.0, 345193.0 
GO:0098839 CC 1.11e-06  1/3149    94/18979 D06 postsynaptic density membrane            10509.0 
GO:0005813 CC 1.37e-06 49/3149   529/18979 D03 centrosome                               468.0, 983.0, 1063.0, 1663.0, 1815.0, 3014.0, 3161.0, 3834.0, 4082.0, 5314.0, 5971.0, 6017.0, 6790.0, 9001.0, 9133.0, 9189.0, 9342.0, 9659.0, 9700.0, 11116.0, 22809.0, 23059.0, 23322.0, 25879.0, 26146.0, 27229.0, 51199.0, 51514.0, 54903.0, 55559.0, 56912.0, 64787.0, 64858.0, 79935.0, 80746.0, 84084.0, 84902.0, 90410.0, 93323.0, 120935.0, 136647.0, 136895.0, 140578.0, 150280.0, 150468.0, 164592.0, 219621.0, 253012.0, 259266.0 
GO:0005856 CC 2.10e-06 29/3149   361/18979 D05 cytoskeleton                             247.0, 1605.0, 2035.0, 2998.0, 5608.0, 5774.0, 6640.0, 6676.0, 8717.0, 9001.0, 10253.0, 10970.0, 22844.0, 23043.0, 29109.0, 29999.0, 30011.0, 54221.0, 55612.0, 55785.0, 79805.0, 83481.0, 84517.0, 84766.0, 85464.0, 122786.0, 256949.0, 257019.0, 339855.0 
GO:0098793 CC 5.24e-06  6/3149   145/18979 D02 presynapse                               1138.0, 4311.0, 6517.0, 9342.0, 10750.0, 23043.0 
GO:0042734 CC 6.97e-06  4/3149   121/18979 D05 presynaptic membrane                     114.0, 2852.0, 6506.0, 6532.0 
GO:0030672 CC 7.41e-06  3/3149   109/18979 D08 synaptic vesicle membrane                8675.0, 23557.0, 148281.0 
GO:1990904 CC 9.96e-06  8/3149   162/18979 D02 ribonucleoprotein complex                4686.0, 5093.0, 5094.0, 8761.0, 23210.0, 54596.0, 79882.0, 645683.0 
GO:0015629 CC 1.20e-05 17/3149   243/18979 D06 actin cytoskeleton                       58.0, 114.0, 4082.0, 4430.0, 4648.0, 4703.0, 9001.0, 10253.0, 10699.0, 22885.0, 29126.0, 29999.0, 57565.0, 79834.0, 79933.0, 126432.0, 171024.0 
GO:0031410 CC 1.21e-05 18/3149   254/18979 D06 cytoplasmic vesicle                      858.0, 4210.0, 4311.0, 7037.0, 7054.0, 7851.0, 8650.0, 22822.0, 23205.0, 23766.0, 79629.0, 134429.0, 161742.0, 163351.0, 221395.0, 389015.0, 440738.0, 643246.0 
GO:0031901 CC 1.62e-05 10/3149   178/18979 D07 early endosome membrane                  926.0, 4914.0, 8630.0, 27074.0, 29126.0, 55532.0, 56937.0, 253725.0, 729873.0, 100287171.0 
GO:0000151 CC 1.71e-05  3/3149   106/18979 D04 ubiquitin ligase complex                 9246.0, 26260.0, 55208.0 
GO:0005768 CC 1.74e-05 22/3149   284/18979 D07 endosome                                 117.0, 553.0, 2264.0, 2534.0, 3973.0, 7037.0, 7126.0, 8647.0, 9402.0, 9482.0, 10311.0, 10966.0, 26872.0, 63894.0, 79038.0, 83891.0, 253725.0, 282808.0, 283971.0, 348174.0, 497190.0, 645432.0 
GO:0031965 CC 2.80e-05 18/3149   244/18979 D04 nuclear membrane                         1063.0, 1238.0, 4521.0, 4599.0, 8658.0, 9189.0, 9972.0, 10017.0, 22932.0, 23175.0, 51514.0, 51530.0, 57462.0, 64782.0, 79647.0, 79902.0, 83860.0, 129787.0 
GO:0022626 CC 3.28e-05  1/3149    76/18979 D06 cytosolic ribosome                       6158.0 
GO:0005770 CC 3.63e-05  7/3149   143/18979 D08 late endosome                            4914.0, 9482.0, 54887.0, 63894.0, 84174.0, 378925.0, 100287171.0 
GO:0045202 CC 5.19e-05 41/3149   424/18979 D03 synapse                                  1133.0, 1135.0, 1138.0, 1143.0, 1145.0, 1947.0, 2570.0, 2741.0, 2769.0, 3357.0, 4311.0, 4359.0, 5816.0, 5971.0, 6158.0, 6231.0, 6234.0, 6532.0, 8416.0, 10052.0, 10911.0, 23557.0, 27345.0, 30011.0, 51339.0, 55584.0, 56125.0, 56130.0, 56131.0, 56132.0, 57053.0, 57348.0, 80315.0, 84059.0, 84902.0, 85366.0, 85397.0, 89832.0, 91851.0, 246329.0, 643866.0 
GO:0043025 CC 5.88e-05 30/3149   336/18979 D03 neuronal cell body                       306.0, 338.0, 348.0, 383.0, 429.0, 1644.0, 2288.0, 2741.0, 2768.0, 3750.0, 3783.0, 4038.0, 4311.0, 4914.0, 5179.0, 5816.0, 6478.0, 11280.0, 23394.0, 51083.0, 55811.0, 55906.0, 57565.0, 63826.0, 63923.0, 64699.0, 80975.0, 83999.0, 84249.0, 494513.0 
GO:0030670 CC 7.49e-05  1/3149    71/18979 D07 phagocytic vesicle membrane              306.0 
GO:0036064 CC 1.12e-04 10/3149   162/18979 D03 ciliary basal body                       1063.0, 5314.0, 6790.0, 9231.0, 23322.0, 26146.0, 54903.0, 56912.0, 80210.0, 90410.0 
GO:0016604 CC 1.17e-04 28/3149   313/18979 D02 nuclear body                             142.0, 2035.0, 2177.0, 2295.0, 2672.0, 5325.0, 5514.0, 6493.0, 6606.0, 6607.0, 6789.0, 7704.0, 7936.0, 8658.0, 9667.0, 10622.0, 10699.0, 25929.0, 54487.0, 54971.0, 55341.0, 55765.0, 57082.0, 64858.0, 114034.0, 143570.0, 146909.0, 474384.0 
GO:0000502 CC 1.29e-04  0/3149    54/18979 D05 proteasome complex                        
GO:0043202 CC 1.71e-04  3/3149    91/18979 D06 lysosomal lumen                          338.0, 2262.0, 2719.0 
GO:0005929 CC 1.74e-04 16/3149   211/18979 D04 cilium                                   2737.0, 5314.0, 6787.0, 23059.0, 23322.0, 23432.0, 26146.0, 54585.0, 56912.0, 84455.0, 85462.0, 90410.0, 112752.0, 127602.0, 284086.0, 440307.0 
GO:0071005 CC 1.82e-04  0/3149    50/18979 D05 U2-type precatalytic spliceosome          
GO:0098982 CC 1.87e-04  2/3149    79/18979 D04 GABA-ergic synapse                       1605.0, 2570.0 
GO:0030426 CC 1.99e-04  7/3149   130/18979 D03 growth cone                              9001.0, 29999.0, 54942.0, 55811.0, 57447.0, 80315.0, 81551.0 
GO:0005874 CC 1.99e-04 25/3149   284/18979 D06 microtubule                              332.0, 2009.0, 2288.0, 3834.0, 4134.0, 4210.0, 4599.0, 4600.0, 9928.0, 10263.0, 10726.0, 23766.0, 26095.0, 27229.0, 55137.0, 57821.0, 84790.0, 85462.0, 127602.0, 347688.0, 347733.0, 440307.0, 440738.0, 642273.0, 643246.0 
GO:0045211 CC 2.90e-04 11/3149   164/18979 D05 postsynaptic membrane                    1133.0, 1135.0, 1138.0, 1143.0, 1145.0, 1605.0, 2570.0, 2741.0, 6532.0, 6640.0, 55906.0 
GO:0009986 CC 3.74e-04 59/3149   531/18979 D02 cell surface                             117.0, 177.0, 650.0, 762.0, 923.0, 926.0, 927.0, 1947.0, 2191.0, 2255.0, 2261.0, 2262.0, 2515.0, 2692.0, 2719.0, 3161.0, 3321.0, 3579.0, 3730.0, 3858.0, 4038.0, 4311.0, 4693.0, 4855.0, 4914.0, 5243.0, 5795.0, 6506.0, 6517.0, 6550.0, 6997.0, 7037.0, 7162.0, 7173.0, 8326.0, 8416.0, 8647.0, 10077.0, 10326.0, 10699.0, 11079.0, 11211.0, 22925.0, 26762.0, 27074.0, 50624.0, 54361.0, 56034.0, 57758.0, 63923.0, 81501.0, 84059.0, 89766.0, 131450.0, 132112.0, 201633.0, 221395.0, 342372.0, 375387.0 
GO:0042995 CC 3.89e-04  7/3149   125/18979 D02 cell projection                          480.0, 4192.0, 11116.0, 50939.0, 64759.0, 83481.0, 134265.0 
GO:0005769 CC 4.18e-04 25/3149   275/18979 D08 early endosome                           338.0, 348.0, 1238.0, 2532.0, 2852.0, 4311.0, 4430.0, 4914.0, 6478.0, 6523.0, 7037.0, 8650.0, 9001.0, 9482.0, 11156.0, 27074.0, 55532.0, 57720.0, 63894.0, 65977.0, 93082.0, 169166.0, 253725.0, 474384.0, 100287171.0 
GO:0010008 CC 5.11e-04 20/3149   233/18979 D06 endosome membrane                        338.0, 1735.0, 3112.0, 3119.0, 3120.0, 4430.0, 4914.0, 6293.0, 6532.0, 6885.0, 7037.0, 7316.0, 8650.0, 9779.0, 26872.0, 56937.0, 79844.0, 81501.0, 83891.0, 84174.0 
GO:0032991 CC 5.84e-04 68/3149   589/18979 D01 protein-containing complex               142.0, 330.0, 468.0, 641.0, 858.0, 1104.0, 1161.0, 1677.0, 2035.0, 2099.0, 2151.0, 2168.0, 2288.0, 2515.0, 2752.0, 3078.0, 3398.0, 4914.0, 4929.0, 5764.0, 5816.0, 5888.0, 5893.0, 5971.0, 6271.0, 6640.0, 6789.0, 6874.0, 6908.0, 7024.0, 7704.0, 8293.0, 8352.0, 8353.0, 8359.0, 8370.0, 8438.0, 9125.0, 9356.0, 10220.0, 10562.0, 10657.0, 10963.0, 22844.0, 23328.0, 23418.0, 26010.0, 50943.0, 54869.0, 55199.0, 55906.0, 56886.0, 57167.0, 57589.0, 58496.0, 64175.0, 64220.0, 64787.0, 79711.0, 79816.0, 79823.0, 80741.0, 81606.0, 169166.0, 196483.0, 387755.0, 389362.0, 554313.0 
GO:0030027 CC 6.07e-04 14/3149   182/18979 D04 lamellipodium                            58.0, 70.0, 1605.0, 2191.0, 4210.0, 5420.0, 5797.0, 8394.0, 22885.0, 29999.0, 54942.0, 55785.0, 57126.0, 57147.0 
GO:0005802 CC 6.42e-04 13/3149   172/18979 D04 trans-Golgi network                      762.0, 2852.0, 4311.0, 5587.0, 6517.0, 8675.0, 9482.0, 54103.0, 55204.0, 65977.0, 79090.0, 148229.0, 285525.0 
GO:0005912 CC 6.51e-04 13/3149   174/18979 D05 adherens junction                        247.0, 1605.0, 2196.0, 4301.0, 4356.0, 5021.0, 5317.0, 5797.0, 9231.0, 23418.0, 79652.0, 83461.0, 126374.0 
GO:0030054 CC 6.75e-04 12/3149   163/18979 D02 cell junction                            177.0, 2035.0, 4301.0, 6248.0, 9231.0, 10804.0, 25879.0, 28973.0, 55612.0, 57228.0, 79822.0, 83481.0 
GO:0043005 CC 7.29e-04 29/3149   299/18979 D04 neuron projection                        117.0, 383.0, 468.0, 1135.0, 1138.0, 1143.0, 1145.0, 2570.0, 2741.0, 2768.0, 3783.0, 4134.0, 4540.0, 5457.0, 5997.0, 6478.0, 6532.0, 6606.0, 6607.0, 7054.0, 11251.0, 23432.0, 30011.0, 55584.0, 57053.0, 57565.0, 80315.0, 81551.0, 89832.0 
GO:1904813 CC 7.55e-04  7/3149   120/18979 D05 ficolin-1-rich granule lumen             1.0, 978.0, 1471.0, 3043.0, 3615.0, 10450.0, 10533.0 
GO:0005762 CC 8.65e-04  1/3149    55/18979 D06 mitochondrial large ribosomal subunit    6150.0 
GO:0005814 CC 9.45e-04 11/3149   152/18979 D05 centriole                                6790.0, 9001.0, 10841.0, 11116.0, 51199.0, 54903.0, 80210.0, 84902.0, 90410.0, 112752.0, 100287171.0 
GO:0031902 CC 1.02e-03  8/3149   125/18979 D07 late endosome membrane                   3127.0, 4914.0, 9482.0, 9570.0, 29919.0, 55315.0, 158376.0, 255231.0 
GO:0033116 CC 1.06e-03  3/3149    77/18979 D05 endoplasmic reticulum-Golgi intermediate compartment membrane 9570.0, 53345.0, 81501.0 
GO:0016607 CC 1.31e-03 43/3149   397/18979 D03 nuclear speck                            190.0, 468.0, 1602.0, 2737.0, 2966.0, 3014.0, 4223.0, 4301.0, 4841.0, 4929.0, 5093.0, 5433.0, 5994.0, 6427.0, 6429.0, 7307.0, 7704.0, 7919.0, 8394.0, 8859.0, 8926.0, 9967.0, 10450.0, 10482.0, 11339.0, 51533.0, 51755.0, 54883.0, 54942.0, 55086.0, 55644.0, 57109.0, 64344.0, 79005.0, 79882.0, 84164.0, 84271.0, 114034.0, 126393.0, 199870.0, 202333.0, 283383.0, 728340.0 
GO:0042470 CC 1.38e-03  5/3149    97/18979 D08 melanosome                               348.0, 1638.0, 7037.0, 84958.0, 89781.0 
GO:0098794 CC 1.41e-03  8/3149   123/18979 D02 postsynapse                              177.0, 1815.0, 6512.0, 8326.0, 51738.0, 84249.0, 89832.0, 266743.0 
GO:0010494 CC 1.74e-03  4/3149    84/18979 D07 cytoplasmic stress granule               1153.0, 8761.0, 10482.0, 54915.0 
GO:0098685 CC 1.86e-03  5/3149    93/18979 D04 Schaffer collateral - CA1 synapse        114.0, 2534.0, 5764.0, 51738.0, 347733.0 
GO:0001726 CC 1.91e-03  5/3149    94/18979 D04 ruffle                                   4210.0, 5420.0, 29999.0, 55785.0, 126432.0 
GO:0045335 CC 1.93e-03  2/3149    64/18979 D08 phagocytic vesicle                       9482.0, 9830.0 
GO:0005930 CC 1.94e-03  7/3149   111/18979 D02 axoneme                                  1063.0, 2735.0, 2737.0, 4134.0, 10533.0, 23322.0, 26146.0 
GO:0032154 CC 2.00e-03  1/3149    51/18979 D04 cleavage furrow                          84249.0 
GO:0022625 CC 2.11e-03  1/3149    52/18979 D05 cytosolic large ribosomal subunit        6158.0 
GO:1903231 MF 4.32e-06 14/3149    24/18979 D06 mRNA base-pairing translational repressor activity 406893.0, 406911.0, 406962.0, 407006.0, 407019.0, 407046.0, 407055.0, 442893.0, 574444.0, 693158.0, 693175.0, 724024.0, 100423036.0, 100500828.0 
GO:0008527 MF 3.55e-05  9/3149    13/18979 D04 taste receptor activity                  50831.0, 50832.0, 50834.0, 50835.0, 50836.0, 50837.0, 50839.0, 54429.0, 259289.0 
GO:0033038 MF 4.72e-05 10/3149    16/18979 D05 bitter taste receptor activity           50831.0, 50832.0, 50834.0, 50835.0, 50836.0, 50837.0, 50839.0, 54429.0, 259289.0, 259296.0 
GO:0004984 MF 9.55e-05 20/3149    51/18979 D04 olfactory receptor activity              4993.0, 4994.0, 4995.0, 26659.0, 26664.0, 65944.0, 79549.0, 120796.0, 127069.0, 127077.0, 130075.0, 138799.0, 138803.0, 138804.0, 138881.0, 162998.0, 282763.0, 286362.0, 390067.0, 392376.0 
GO:0019825 MF 3.03e-04 11/3149    22/18979 D03 oxygen binding                           875.0, 1543.0, 1580.0, 1588.0, 3039.0, 3040.0, 3043.0, 3048.0, 4151.0, 7054.0, 102724560.0 
GO:0005515 MF 3.00e-146 1185/3149 11089/18979 D02 protein binding                          23.0, 30.0, 58.0, 117.0, 142.0, 177.0, 190.0, 212.0, 229.0, 247.0, 249.0, 268.0, 330.0, 332.0, 338.0, 341.0, 343.0, 348.0, 362.0, 363.0, 364.0, 383.0, 429.0, 445.0, 462.0, 468.0, 480.0, 482.0, 487.0, 545.0, 566.0, 581.0, 617.0, 632.0, 641.0, 650.0, 699.0, 733.0, 762.0, 797.0, 799.0, 858.0, 874.0, 875.0, 919.0, 923.0, 926.0, 947.0, 978.0, 983.0, 984.0, 993.0, 1063.0, 1104.0, 1133.0, 1138.0, 1143.0, 1153.0, 1161.0, 1238.0, 1259.0, 1308.0, 1355.0, 1366.0, 1414.0, 1427.0, 1459.0, 1471.0, 1490.0, 1543.0, 1602.0, 1605.0, 1638.0, 1644.0, 1645.0, 1663.0, 1677.0, 1717.0, 1723.0, 1731.0, 1763.0, 1805.0, 1807.0, 1815.0, 1820.0, 1827.0, 1828.0, 1831.0, 1906.0, 1947.0, 1950.0, 1953.0, 1958.0, 1959.0, 1967.0, 1999.0, 2009.0, 2035.0, 2069.0, 2074.0, 2099.0, 2118.0, 2130.0, 2151.0, 2159.0, 2160.0, 2168.0, 2177.0, 2191.0, 2199.0, 2218.0, 2255.0, 2256.0, 2261.0, 2262.0, 2264.0, 2267.0, 2275.0, 2277.0, 2288.0, 2298.0, 2305.0, 2354.0, 2395.0, 2488.0, 2521.0, 2534.0, 2553.0, 2584.0, 2587.0, 2624.0, 2646.0, 2660.0, 2672.0, 2692.0, 2709.0, 2719.0, 2735.0, 2737.0, 2741.0, 2752.0, 2768.0, 2814.0, 2819.0, 2852.0, 2949.0, 2966.0, 2969.0, 2993.0, 3014.0, 3039.0, 3040.0, 3043.0, 3048.0, 3078.0, 3082.0, 3119.0, 3145.0, 3161.0, 3266.0, 3270.0, 3292.0, 3305.0, 3316.0, 3357.0, 3364.0, 3385.0, 3398.0, 3429.0, 3455.0, 3486.0, 3579.0, 3588.0, 3589.0, 3592.0, 3615.0, 3621.0, 3625.0, 3730.0, 3783.0, 3818.0, 3821.0, 3822.0, 3846.0, 3858.0, 3880.0, 3960.0, 4038.0, 4081.0, 4084.0, 4134.0, 4171.0, 4188.0, 4192.0, 4210.0, 4223.0, 4224.0, 4225.0, 4301.0, 4311.0, 4330.0, 4356.0, 4430.0, 4438.0, 4493.0, 4494.0, 4495.0, 4496.0, 4499.0, 4501.0, 4502.0, 4509.0, 4512.0, 4513.0, 4521.0, 4537.0, 4582.0, 4599.0, 4600.0, 4648.0, 4686.0, 4693.0, 4703.0, 4731.0, 4803.0, 4818.0, 4835.0, 4838.0, 4841.0, 4855.0, 4892.0, 4901.0, 4914.0, 4922.0, 4929.0, 4940.0, 4998.0, 5013.0, 5030.0, 5092.0, 5093.0, 5094.0, 5106.0, 5152.0, 5163.0, 5207.0, 5243.0, 5244.0, 5256.0, 5270.0, 5271.0, 5272.0, 5314.0, 5316.0, 5317.0, 5325.0, 5326.0, 5420.0, 5426.0, 5429.0, 5433.0, 5439.0, 5443.0, 5456.0, 5457.0, 5460.0, 5514.0, 5564.0, 5587.0, 5598.0, 5608.0, 5630.0, 5635.0, 5639.0, 5744.0, 5745.0, 5764.0, 5774.0, 5795.0, 5797.0, 5837.0, 5888.0, 5893.0, 5935.0, 5971.0, 5993.0, 5994.0, 5997.0, 6013.0, 6017.0, 6041.0, 6100.0, 6150.0, 6158.0, 6231.0, 6234.0, 6241.0, 6248.0, 6258.0, 6271.0, 6273.0, 6284.0, 6289.0, 6293.0, 6294.0, 6341.0, 6349.0, 6389.0, 6419.0, 6427.0, 6429.0, 6462.0, 6478.0, 6506.0, 6517.0, 6519.0, 6521.0, 6523.0, 6527.0, 6532.0, 6550.0, 6565.0, 6588.0, 6606.0, 6607.0, 6626.0, 6640.0, 6658.0, 6659.0, 6676.0, 6713.0, 6769.0, 6789.0, 6790.0, 6795.0, 6799.0, 6818.0, 6820.0, 6838.0, 6874.0, 6882.0, 6883.0, 6885.0, 6908.0, 6909.0, 6924.0, 6996.0, 6997.0, 7022.0, 7024.0, 7026.0, 7027.0, 7037.0, 7054.0, 7060.0, 7071.0, 7075.0, 7080.0, 7083.0, 7126.0, 7268.0, 7272.0, 7291.0, 7294.0, 7307.0, 7316.0, 7327.0, 7375.0, 7421.0, 7428.0, 7436.0, 7535.0, 7544.0, 7549.0, 7564.0, 7582.0, 7584.0, 7592.0, 7597.0, 7633.0, 7704.0, 7711.0, 7718.0, 7728.0, 7730.0, 7784.0, 7849.0, 7851.0, 7871.0, 7918.0, 7919.0, 7936.0, 8091.0, 8170.0, 8200.0, 8214.0, 8226.0, 8233.0, 8269.0, 8284.0, 8293.0, 8330.0, 8340.0, 8343.0, 8352.0, 8353.0, 8359.0, 8370.0, 8394.0, 8416.0, 8436.0, 8438.0, 8439.0, 8503.0, 8529.0, 8569.0, 8631.0, 8638.0, 8647.0, 8650.0, 8658.0, 8663.0, 8666.0, 8675.0, 8717.0, 8761.0, 8778.0, 8788.0, 8796.0, 8812.0, 8839.0, 8840.0, 8890.0, 8892.0, 8893.0, 8972.0, 9001.0, 9014.0, 9020.0, 9048.0, 9069.0, 9071.0, 9077.0, 9098.0, 9113.0, 9117.0, 9125.0, 9133.0, 9189.0, 9231.0, 9244.0, 9246.0, 9283.0, 9289.0, 9308.0, 9342.0, 9356.0, 9402.0, 9416.0, 9422.0, 9429.0, 9439.0, 9452.0, 9482.0, 9506.0, 9555.0, 9562.0, 9569.0, 9570.0, 9603.0, 9626.0, 9641.0, 9659.0, 9666.0, 9667.0, 9668.0, 9695.0, 9700.0, 9744.0, 9779.0, 9785.0, 9830.0, 9882.0, 9885.0, 9928.0, 9931.0, 9935.0, 9943.0, 9967.0, 9972.0, 10017.0, 10023.0, 10052.0, 10100.0, 10127.0, 10194.0, 10208.0, 10219.0, 10220.0, 10221.0, 10253.0, 10263.0, 10270.0, 10311.0, 10326.0, 10406.0, 10450.0, 10478.0, 10482.0, 10518.0, 10526.0, 10533.0, 10562.0, 10578.0, 10584.0, 10597.0, 10622.0, 10629.0, 10657.0, 10664.0, 10667.0, 10691.0, 10692.0, 10699.0, 10726.0, 10750.0, 10781.0, 10804.0, 10838.0, 10841.0, 10850.0, 10912.0, 10954.0, 10963.0, 10965.0, 10966.0, 10970.0, 10993.0, 11036.0, 11063.0, 11072.0, 11079.0, 11080.0, 11116.0, 11136.0, 11143.0, 11147.0, 11148.0, 11153.0, 11156.0, 11211.0, 11262.0, 11266.0, 11274.0, 11339.0, 22809.0, 22822.0, 22844.0, 22850.0, 22879.0, 22885.0, 22889.0, 22921.0, 22934.0, 22936.0, 23013.0, 23043.0, 23051.0, 23059.0, 23078.0, 23090.0, 23099.0, 23141.0, 23175.0, 23197.0, 23203.0, 23210.0, 23212.0, 23322.0, 23328.0, 23348.0, 23394.0, 23397.0, 23418.0, 23421.0, 23429.0, 23432.0, 23438.0, 23474.0, 23475.0, 23557.0, 23619.0, 23630.0, 23649.0, 25788.0, 25839.0, 25879.0, 25888.0, 25929.0, 25942.0, 25974.0, 26003.0, 26093.0, 26146.0, 26152.0, 26508.0, 26548.0, 26751.0, 26762.0, 26973.0, 26974.0, 26996.0, 27086.0, 27123.0, 27202.0, 27229.0, 27238.0, 27301.0, 27345.0, 28973.0, 28982.0, 28992.0, 29057.0, 29090.0, 29097.0, 29109.0, 29115.0, 29126.0, 29765.0, 29775.0, 29919.0, 29992.0, 30011.0, 30813.0, 49854.0, 50485.0, 50511.0, 50613.0, 50717.0, 50836.0, 50839.0, 50846.0, 50943.0, 51013.0, 51020.0, 51027.0, 51035.0, 51058.0, 51083.0, 51106.0, 51199.0, 51202.0, 51249.0, 51274.0, 51278.0, 51339.0, 51388.0, 51390.0, 51435.0, 51463.0, 51497.0, 51513.0, 51514.0, 51530.0, 51533.0, 51545.0, 51622.0, 51657.0, 51686.0, 51738.0, 51755.0, 53345.0, 53833.0, 54065.0, 54103.0, 54221.0, 54429.0, 54433.0, 54476.0, 54487.0, 54538.0, 54585.0, 54596.0, 54623.0, 54707.0, 54726.0, 54739.0, 54809.0, 54869.0, 54883.0, 54887.0, 54894.0, 54903.0, 54915.0, 54920.0, 54939.0, 54942.0, 54949.0, 54952.0, 54957.0, 54967.0, 54971.0, 54980.0, 54981.0, 54984.0, 55024.0, 55034.0, 55038.0, 55070.0, 55086.0, 55089.0, 55092.0, 55128.0, 55137.0, 55145.0, 55150.0, 55171.0, 55199.0, 55204.0, 55208.0, 55218.0, 55249.0, 55273.0, 55282.0, 55315.0, 55328.0, 55363.0, 55388.0, 55437.0, 55510.0, 55532.0, 55559.0, 55571.0, 55584.0, 55613.0, 55620.0, 55644.0, 55650.0, 55655.0, 55661.0, 55693.0, 55696.0, 55713.0, 55728.0, 55765.0, 55791.0, 55795.0, 55798.0, 55802.0, 55869.0, 55906.0, 55968.0, 56034.0, 56132.0, 56158.0, 56256.0, 56616.0, 56672.0, 56886.0, 56911.0, 56912.0, 56920.0, 56925.0, 56937.0, 57082.0, 57109.0, 57113.0, 57117.0, 57124.0, 57126.0, 57147.0, 57167.0, 57194.0, 57228.0, 57348.0, 57381.0, 57402.0, 57447.0, 57572.0, 57589.0, 57673.0, 57678.0, 57693.0, 57696.0, 57715.0, 57716.0, 57733.0, 57758.0, 57801.0, 58488.0, 58492.0, 58493.0, 58497.0, 59307.0, 59352.0, 63826.0, 63894.0, 63910.0, 63928.0, 64105.0, 64151.0, 64175.0, 64224.0, 64282.0, 64321.0, 64324.0, 64386.0, 64430.0, 64434.0, 64518.0, 64641.0, 64759.0, 64782.0, 64785.0, 64787.0, 64858.0, 65061.0, 65977.0, 65987.0, 78995.0, 78998.0, 79005.0, 79008.0, 79029.0, 79038.0, 79047.0, 79053.0, 79075.0, 79090.0, 79098.0, 79132.0, 79148.0, 79161.0, 79171.0, 79174.0, 79178.0, 79447.0, 79571.0, 79591.0, 79647.0, 79682.0, 79685.0, 79711.0, 79744.0, 79801.0, 79802.0, 79805.0, 79816.0, 79834.0, 79840.0, 79843.0, 79844.0, 79850.0, 79862.0, 79871.0, 79882.0, 79898.0, 79902.0, 79918.0, 79923.0, 80209.0, 80210.0, 80315.0, 80317.0, 80320.0, 80351.0, 80704.0, 80714.0, 80746.0, 80823.0, 81501.0, 81562.0, 81606.0, 81848.0, 83461.0, 83481.0, 83550.0, 83595.0, 83650.0, 83695.0, 83733.0, 83734.0, 83758.0, 83860.0, 83878.0, 83884.0, 83888.0, 83999.0, 84059.0, 84060.0, 84072.0, 84084.0, 84102.0, 84132.0, 84159.0, 84164.0, 84174.0, 84269.0, 84271.0, 84273.0, 84456.0, 84527.0, 84541.0, 84690.0, 84696.0, 84709.0, 84727.0, 84766.0, 84775.0, 84790.0, 84812.0, 84898.0, 84902.0, 84904.0, 84932.0, 84958.0, 84970.0, 84996.0, 85013.0, 85364.0, 85366.0, 85397.0, 89781.0, 89839.0, 90102.0, 90293.0, 90381.0, 90407.0, 90410.0, 90594.0, 90665.0, 91442.0, 91523.0, 91543.0, 91574.0, 91687.0, 92196.0, 92399.0, 93100.0, 93323.0, 94039.0, 112752.0, 112869.0, 113115.0, 114034.0, 114112.0, 114625.0, 115361.0, 115572.0, 115817.0, 116092.0, 116238.0, 116285.0, 116412.0, 116835.0, 117145.0, 117157.0, 117246.0, 118472.0, 119710.0, 120406.0, 121642.0, 122786.0, 125150.0, 125875.0, 126074.0, 126326.0, 126374.0, 126375.0, 126868.0, 127665.0, 128272.0, 128414.0, 129530.0, 130951.0, 131450.0, 131669.0, 131890.0, 132014.0, 133022.0, 134265.0, 134429.0, 135250.0, 135398.0, 136647.0, 136895.0, 139886.0, 140460.0, 140462.0, 140578.0, 143630.0, 143686.0, 145282.0, 145389.0, 145501.0, 146212.0, 146225.0, 146279.0, 146909.0, 147111.0, 147339.0, 148523.0, 148823.0, 149428.0, 149563.0, 149840.0, 150094.0, 150280.0, 150383.0, 150677.0, 150771.0, 151449.0, 151888.0, 151903.0, 152015.0, 152189.0, 152831.0, 152926.0, 153328.0, 153918.0, 157697.0, 157773.0, 158800.0, 161253.0, 161291.0, 161742.0, 162967.0, 162979.0, 162993.0, 162998.0, 163059.0, 163183.0, 163688.0, 164153.0, 164592.0, 165140.0, 165904.0, 166785.0, 166793.0, 167465.0, 167681.0, 169166.0, 170082.0, 170384.0, 171024.0, 196264.0, 196483.0, 196792.0, 196883.0, 196996.0, 197358.0, 199745.0, 200350.0, 200765.0, 201232.0, 201562.0, 201633.0, 203245.0, 203260.0, 203562.0, 204219.0, 219621.0, 219833.0, 220001.0, 221120.0, 221395.0, 221481.0, 222389.0, 222546.0, 222659.0, 222696.0, 245711.0, 246329.0, 253012.0, 253260.0, 253461.0, 253725.0, 253935.0, 254427.0, 255324.0, 256329.0, 256691.0, 256933.0, 257019.0, 266743.0, 283208.0, 283219.0, 283383.0, 283629.0, 283807.0, 283847.0, 284058.0, 284086.0, 284297.0, 284390.0, 284904.0, 285016.0, 286006.0, 286151.0, 286343.0, 286380.0, 317671.0, 317719.0, 317761.0, 339175.0, 339210.0, 339448.0, 339768.0, 340152.0, 340596.0, 340665.0, 340719.0, 341640.0, 342372.0, 342908.0, 343637.0, 345274.0, 347733.0, 348174.0, 349334.0, 352999.0, 374569.0, 374659.0, 375612.0, 387032.0, 387755.0, 388372.0, 388951.0, 389084.0, 389791.0, 400720.0, 400831.0, 401288.0, 401541.0, 408050.0, 414062.0, 414149.0, 440050.0, 440603.0, 440738.0, 441168.0, 441250.0, 441376.0, 441478.0, 441518.0, 445329.0, 474384.0, 493861.0, 493911.0, 542767.0, 548644.0, 552900.0, 554251.0, 554313.0, 613212.0, 642273.0, 643394.0, 644890.0, 644943.0, 652968.0, 653404.0, 653604.0, 654483.0, 727866.0, 728047.0, 728276.0, 728340.0, 728689.0, 728833.0, 729533.0, 100129583.0, 100130086.0, 100131997.0, 100287171.0, 100288142.0, 100288695.0, 100289187.0, 100505879.0, 100506164.0, 100528062.0, 100529215.0, 101059938.0, 101929977.0, 102724023.0, 102724560.0 
GO:0003723 MF 2.07e-15 124/3149  1338/18979 D04 RNA binding                              23.0, 142.0, 190.0, 445.0, 984.0, 1153.0, 1763.0, 2130.0, 2288.0, 2521.0, 3615.0, 4134.0, 4686.0, 4731.0, 4841.0, 5093.0, 5094.0, 5460.0, 5514.0, 5822.0, 5935.0, 6041.0, 6100.0, 6150.0, 6158.0, 6192.0, 6231.0, 6234.0, 6294.0, 6427.0, 6429.0, 6606.0, 6607.0, 6626.0, 6838.0, 7037.0, 7307.0, 7316.0, 7919.0, 7936.0, 8359.0, 8370.0, 8638.0, 8663.0, 8666.0, 8761.0, 8909.0, 9416.0, 9666.0, 9667.0, 9785.0, 9931.0, 9967.0, 10270.0, 10450.0, 10482.0, 10495.0, 10657.0, 10963.0, 10970.0, 11072.0, 11083.0, 22889.0, 23013.0, 23029.0, 23210.0, 23212.0, 23438.0, 23536.0, 25879.0, 25929.0, 25942.0, 26010.0, 26093.0, 26608.0, 27238.0, 51013.0, 51106.0, 51202.0, 51388.0, 51497.0, 54433.0, 54514.0, 54726.0, 54888.0, 54915.0, 54952.0, 54954.0, 55086.0, 55510.0, 55661.0, 55696.0, 55795.0, 57109.0, 57696.0, 60625.0, 64282.0, 64434.0, 64969.0, 79171.0, 79882.0, 80114.0, 80315.0, 83480.0, 83481.0, 84060.0, 84271.0, 84273.0, 84284.0, 85364.0, 92312.0, 117246.0, 126668.0, 143244.0, 154197.0, 155435.0, 165904.0, 353267.0, 375316.0, 554313.0, 728689.0, 100101490.0, 100129128.0, 102724159.0 
GO:0005524 MF 1.94e-12 141/3149  1388/18979 D08 ATP binding                              23.0, 58.0, 70.0, 114.0, 445.0, 480.0, 487.0, 545.0, 617.0, 641.0, 699.0, 983.0, 984.0, 1459.0, 1663.0, 1763.0, 2074.0, 2261.0, 2264.0, 2288.0, 2534.0, 2584.0, 2585.0, 2752.0, 2986.0, 3305.0, 3758.0, 3834.0, 4081.0, 4171.0, 4430.0, 4438.0, 4648.0, 4914.0, 4940.0, 4998.0, 5030.0, 5163.0, 5207.0, 5243.0, 5244.0, 5288.0, 5587.0, 5598.0, 5608.0, 5888.0, 6011.0, 6041.0, 6261.0, 6787.0, 6789.0, 6790.0, 6795.0, 6885.0, 6996.0, 7075.0, 7083.0, 7084.0, 7272.0, 7294.0, 7327.0, 7535.0, 7919.0, 8394.0, 8438.0, 8569.0, 8647.0, 8859.0, 8892.0, 9020.0, 9113.0, 9416.0, 9429.0, 9641.0, 9785.0, 9928.0, 9931.0, 9943.0, 9967.0, 10350.0, 10588.0, 10667.0, 11000.0, 11153.0, 23043.0, 23078.0, 23205.0, 23395.0, 23438.0, 25788.0, 26973.0, 50485.0, 51202.0, 51755.0, 54514.0, 54981.0, 55137.0, 55351.0, 55437.0, 55510.0, 55655.0, 55661.0, 55687.0, 55728.0, 55811.0, 56652.0, 57147.0, 57194.0, 57696.0, 60625.0, 63826.0, 65061.0, 79029.0, 79132.0, 79877.0, 80119.0, 84284.0, 84700.0, 85320.0, 85366.0, 91646.0, 92935.0, 116285.0, 116835.0, 127602.0, 129607.0, 131890.0, 146909.0, 147945.0, 148229.0, 150094.0, 196883.0, 197358.0, 200172.0, 283629.0, 284086.0, 338323.0, 344387.0, 440307.0, 494551.0, 728642.0 
GO:0042802 MF 7.42e-11 147/3149  1385/18979 D03 identical protein binding                36.0, 142.0, 177.0, 229.0, 332.0, 348.0, 362.0, 383.0, 429.0, 445.0, 462.0, 468.0, 581.0, 641.0, 875.0, 919.0, 923.0, 978.0, 1366.0, 1471.0, 1677.0, 1731.0, 1807.0, 1815.0, 1820.0, 1967.0, 2099.0, 2130.0, 2191.0, 2261.0, 2277.0, 2521.0, 2534.0, 2660.0, 2752.0, 2949.0, 2986.0, 2993.0, 3078.0, 3082.0, 3429.0, 3615.0, 3846.0, 3973.0, 4082.0, 4188.0, 4210.0, 4225.0, 4599.0, 4841.0, 4914.0, 5009.0, 5092.0, 5207.0, 5587.0, 5635.0, 5797.0, 5816.0, 5888.0, 5893.0, 5971.0, 6271.0, 6273.0, 6532.0, 6550.0, 6606.0, 6607.0, 6626.0, 6652.0, 6789.0, 6885.0, 7037.0, 7083.0, 7126.0, 7272.0, 7327.0, 7375.0, 7704.0, 7784.0, 7919.0, 8200.0, 8233.0, 8343.0, 8608.0, 8717.0, 9069.0, 9071.0, 9189.0, 9356.0, 9429.0, 9641.0, 9667.0, 9935.0, 9943.0, 9972.0, 10657.0, 10691.0, 10901.0, 11153.0, 11339.0, 22934.0, 23210.0, 23438.0, 23474.0, 23475.0, 25903.0, 27086.0, 29109.0, 51278.0, 53345.0, 54487.0, 54585.0, 54887.0, 55128.0, 55145.0, 55388.0, 55802.0, 56128.0, 56130.0, 56163.0, 56652.0, 57147.0, 58496.0, 63826.0, 63923.0, 65977.0, 79047.0, 79834.0, 80741.0, 84456.0, 115361.0, 116412.0, 124274.0, 126375.0, 130951.0, 145282.0, 149428.0, 151449.0, 166785.0, 201633.0, 246329.0, 255231.0, 283219.0, 387032.0, 392255.0, 652968.0, 102724560.0 
GO:0045296 MF 1.24e-08 18/3149   309/18979 D04 cadherin binding                         2125.0, 4301.0, 4430.0, 5093.0, 5317.0, 5795.0, 5797.0, 6231.0, 8352.0, 8353.0, 8650.0, 9133.0, 10562.0, 10726.0, 23348.0, 54869.0, 64787.0, 90102.0 
GO:0046872 MF 1.85e-08 270/3149  2164/18979 D04 metal ion binding                        114.0, 330.0, 332.0, 416.0, 480.0, 875.0, 1663.0, 1763.0, 1815.0, 1959.0, 2130.0, 2275.0, 2521.0, 2534.0, 2672.0, 2735.0, 2737.0, 2768.0, 2769.0, 3043.0, 3048.0, 3486.0, 3615.0, 3621.0, 3750.0, 4081.0, 4151.0, 4171.0, 4501.0, 4512.0, 4521.0, 4892.0, 4940.0, 4998.0, 5152.0, 5325.0, 5326.0, 5429.0, 5514.0, 5587.0, 5649.0, 6041.0, 6100.0, 6506.0, 6532.0, 6769.0, 7071.0, 7307.0, 7375.0, 7544.0, 7553.0, 7564.0, 7582.0, 7584.0, 7592.0, 7597.0, 7633.0, 7652.0, 7691.0, 7704.0, 7710.0, 7711.0, 7718.0, 7728.0, 7730.0, 8226.0, 8233.0, 8284.0, 8438.0, 8569.0, 8796.0, 9014.0, 9189.0, 9310.0, 9422.0, 9666.0, 9668.0, 9744.0, 9931.0, 9972.0, 10127.0, 10156.0, 10194.0, 10520.0, 10588.0, 10691.0, 10781.0, 10838.0, 11083.0, 11262.0, 11339.0, 22801.0, 22850.0, 22885.0, 23051.0, 23090.0, 23099.0, 23203.0, 23429.0, 23536.0, 25888.0, 26149.0, 26152.0, 26872.0, 26974.0, 27086.0, 27164.0, 49854.0, 50943.0, 51020.0, 51058.0, 51274.0, 51276.0, 51533.0, 51545.0, 51780.0, 54476.0, 54487.0, 54807.0, 54894.0, 54981.0, 55351.0, 55388.0, 55520.0, 55552.0, 55644.0, 55693.0, 55696.0, 55713.0, 55778.0, 55785.0, 55869.0, 55906.0, 56163.0, 56165.0, 57117.0, 57167.0, 57573.0, 57615.0, 57693.0, 58492.0, 58497.0, 64174.0, 64282.0, 64288.0, 64412.0, 64641.0, 65061.0, 79005.0, 79008.0, 79038.0, 79153.0, 79230.0, 79744.0, 79862.0, 79871.0, 79882.0, 79891.0, 79898.0, 80315.0, 80317.0, 80320.0, 80351.0, 81562.0, 83860.0, 84076.0, 84436.0, 84527.0, 84775.0, 84790.0, 84842.0, 85508.0, 90233.0, 90317.0, 90594.0, 91543.0, 92285.0, 92312.0, 93082.0, 93100.0, 94039.0, 94059.0, 112885.0, 114034.0, 116285.0, 116412.0, 118472.0, 121274.0, 121355.0, 121536.0, 126374.0, 126375.0, 127665.0, 132112.0, 144193.0, 147948.0, 148206.0, 148479.0, 148811.0, 152926.0, 153642.0, 153918.0, 154197.0, 158431.0, 161823.0, 162962.0, 162963.0, 162967.0, 162979.0, 162993.0, 163059.0, 166793.0, 167465.0, 196883.0, 199745.0, 199777.0, 201501.0, 201514.0, 201626.0, 222696.0, 246329.0, 253461.0, 255403.0, 282890.0, 284023.0, 284086.0, 284371.0, 284390.0, 284443.0, 285346.0, 285498.0, 286151.0, 317671.0, 339559.0, 340152.0, 340485.0, 341640.0, 342908.0, 342909.0, 347344.0, 347688.0, 347733.0, 348327.0, 353088.0, 374659.0, 378925.0, 387032.0, 388558.0, 388559.0, 390927.0, 400720.0, 401262.0, 440307.0, 441155.0, 441250.0, 442319.0, 493911.0, 642517.0, 643136.0, 643836.0, 654254.0, 728927.0, 730051.0, 100129543.0, 100271927.0, 100288695.0, 100289635.0, 100293516.0, 100529215.0, 102724560.0 
GO:0061630 MF 1.19e-07 17/3149   284/18979 D07 ubiquitin protein ligase activity        330.0, 4210.0, 6478.0, 9666.0, 9830.0, 54476.0, 54894.0, 55128.0, 84851.0, 93082.0, 140825.0, 147339.0, 283807.0, 284023.0, 375593.0, 378925.0, 391712.0 
GO:0031267 MF 3.06e-07 17/3149   276/18979 D05 small GTPase binding                     117.0, 332.0, 1104.0, 4301.0, 7126.0, 8859.0, 10526.0, 55785.0, 57589.0, 79571.0, 79711.0, 84958.0, 89781.0, 90410.0, 126432.0, 643338.0, 727851.0 
GO:0019901 MF 8.68e-07 34/3149   413/18979 D05 protein kinase binding                   142.0, 468.0, 858.0, 923.0, 993.0, 2099.0, 2305.0, 3455.0, 5564.0, 5608.0, 5764.0, 5795.0, 5971.0, 6790.0, 7037.0, 8631.0, 8705.0, 8812.0, 9113.0, 9555.0, 9928.0, 9943.0, 10253.0, 11116.0, 23328.0, 26608.0, 51530.0, 51755.0, 55128.0, 150094.0, 161742.0, 245711.0, 253260.0, 102723555.0 
GO:0004674 MF 1.92e-06 26/3149   338/18979 D06 protein serine/threonine kinase activity 545.0, 699.0, 983.0, 984.0, 1459.0, 5587.0, 5598.0, 5608.0, 6787.0, 6789.0, 6790.0, 6885.0, 7272.0, 8569.0, 8859.0, 9020.0, 9113.0, 9641.0, 9943.0, 23043.0, 55351.0, 65061.0, 150094.0, 283629.0, 284086.0, 728642.0 
GO:0106310 MF 3.88e-06 28/3149   347/18979 D06 protein serine kinase activity           545.0, 699.0, 983.0, 984.0, 1459.0, 5587.0, 5598.0, 5608.0, 6787.0, 6789.0, 6790.0, 6795.0, 6885.0, 7272.0, 8569.0, 8859.0, 9020.0, 9113.0, 9943.0, 23043.0, 51755.0, 55351.0, 65061.0, 150094.0, 283629.0, 284086.0, 344387.0, 728642.0 
GO:0004842 MF 4.85e-06 13/3149   215/18979 D06 ubiquitin-protein transferase activity   330.0, 1161.0, 6478.0, 7126.0, 7327.0, 7428.0, 9246.0, 9666.0, 26260.0, 51514.0, 54894.0, 55128.0, 90293.0 
GO:0031625 MF 5.65e-06 22/3149   295/18979 D05 ubiquitin protein ligase binding         875.0, 1959.0, 3305.0, 5094.0, 5243.0, 5460.0, 6790.0, 7316.0, 9246.0, 9482.0, 9641.0, 10067.0, 10221.0, 23197.0, 23766.0, 30011.0, 51035.0, 55070.0, 440738.0, 643246.0, 100287171.0, 102724560.0 
GO:0044877 MF 1.17e-05 24/3149   305/18979 D02 protein-containing complex binding       177.0, 330.0, 348.0, 1161.0, 1259.0, 2986.0, 3082.0, 5816.0, 6519.0, 7037.0, 8717.0, 9779.0, 9935.0, 10657.0, 25942.0, 54585.0, 54984.0, 55070.0, 63894.0, 64858.0, 84271.0, 266743.0, 283629.0, 389362.0 
GO:0008017 MF 2.10e-05 18/3149   247/18979 D05 microtubule binding                      332.0, 1063.0, 2009.0, 2735.0, 3834.0, 4134.0, 4599.0, 4600.0, 9928.0, 10804.0, 10841.0, 26146.0, 57821.0, 79805.0, 85462.0, 93323.0, 146909.0, 643246.0 
GO:0019904 MF 4.30e-05 14/3149   205/18979 D03 protein domain specific binding          190.0, 1366.0, 1644.0, 1677.0, 2570.0, 6996.0, 7027.0, 7054.0, 7291.0, 7704.0, 9125.0, 10657.0, 29109.0, 387755.0 
GO:0019899 MF 5.45e-05 28/3149   320/18979 D03 enzyme binding                           142.0, 332.0, 348.0, 875.0, 1543.0, 1644.0, 1677.0, 2099.0, 2534.0, 2646.0, 2944.0, 3014.0, 4171.0, 5094.0, 5888.0, 6908.0, 7054.0, 7080.0, 7428.0, 8330.0, 9555.0, 9659.0, 55388.0, 79005.0, 80351.0, 83882.0, 201562.0, 102724560.0 
GO:0003735 MF 5.87e-05  9/3149   159/18979 D02 structural constituent of ribosome       6150.0, 6158.0, 6192.0, 6231.0, 6234.0, 28973.0, 64969.0, 388524.0, 645683.0 
GO:0003713 MF 8.82e-05 18/3149   234/18979 D03 transcription coactivator activity       2521.0, 5092.0, 6882.0, 6883.0, 9189.0, 9439.0, 9506.0, 9663.0, 9830.0, 9967.0, 10629.0, 11036.0, 23175.0, 25942.0, 54093.0, 84159.0, 84851.0, 163732.0 
GO:0042393 MF 1.07e-04  8/3149   144/18979 D03 histone binding                          1104.0, 3014.0, 4171.0, 8658.0, 79685.0, 285051.0, 388951.0, 646817.0 
GO:0003779 MF 1.35e-04 20/3149   246/18979 D04 actin binding                            114.0, 1605.0, 2035.0, 2275.0, 4210.0, 4892.0, 6640.0, 22921.0, 26260.0, 29765.0, 54221.0, 54869.0, 64787.0, 79805.0, 79933.0, 85462.0, 85464.0, 148741.0, 171024.0, 100287171.0 
GO:0017124 MF 1.86e-04  6/3149   121/18979 D04 SH3 domain binding                       1815.0, 8631.0, 10657.0, 26548.0, 30011.0, 134265.0 
GO:0008270 MF 2.00e-04 82/3149   707/18979 D06 zinc ion binding                         142.0, 290.0, 641.0, 762.0, 763.0, 978.0, 1807.0, 1958.0, 2099.0, 2624.0, 2741.0, 2966.0, 4210.0, 4224.0, 4225.0, 4311.0, 4320.0, 4493.0, 4494.0, 4495.0, 4496.0, 4499.0, 4501.0, 4502.0, 4835.0, 4929.0, 5169.0, 5426.0, 5915.0, 6258.0, 6284.0, 6419.0, 6478.0, 6652.0, 7026.0, 7083.0, 7101.0, 7421.0, 7539.0, 7549.0, 7626.0, 8609.0, 8658.0, 9509.0, 9830.0, 10270.0, 10664.0, 11143.0, 11266.0, 22921.0, 23619.0, 26548.0, 26973.0, 27301.0, 50846.0, 51351.0, 51530.0, 54739.0, 55128.0, 55145.0, 55422.0, 55628.0, 56624.0, 57683.0, 60676.0, 64324.0, 64386.0, 79132.0, 79148.0, 79685.0, 84456.0, 84851.0, 85364.0, 118856.0, 125150.0, 130749.0, 340719.0, 375593.0, 391712.0, 440434.0, 728340.0, 109504726.0 
GO:0060090 MF 2.06e-04 12/3149   175/18979 D01 molecular adaptor activity               177.0, 858.0, 1355.0, 1731.0, 4686.0, 7428.0, 8717.0, 9659.0, 11274.0, 23328.0, 54726.0, 253260.0 
GO:0042803 MF 2.56e-04 72/3149   630/18979 D04 protein homodimerization activity        114.0, 142.0, 190.0, 348.0, 487.0, 581.0, 641.0, 858.0, 875.0, 919.0, 978.0, 1063.0, 2191.0, 2660.0, 2731.0, 2819.0, 2944.0, 3292.0, 3625.0, 4038.0, 4311.0, 4693.0, 4835.0, 4914.0, 5745.0, 6241.0, 6271.0, 6284.0, 6419.0, 6521.0, 6789.0, 6996.0, 7026.0, 7037.0, 7291.0, 7704.0, 8326.0, 8459.0, 9125.0, 9350.0, 9429.0, 10017.0, 10518.0, 10533.0, 10993.0, 11116.0, 11153.0, 23051.0, 25974.0, 26508.0, 50943.0, 51733.0, 54487.0, 54937.0, 55128.0, 55145.0, 55218.0, 56034.0, 63826.0, 64858.0, 80823.0, 89781.0, 115361.0, 116092.0, 126393.0, 148281.0, 166785.0, 253461.0, 283629.0, 375316.0, 100528062.0, 102724560.0 
